0.0001664
2.76e-5
1.32e-5
1.25e-5
1.22e-5
1.39e-5
1.22e-5
1.21e-5
1.21e-5
1.21e-5
1.26e-5
1.22e-5
1.21e-5
1.21e-5
1.21e-5
1.2e-5
1.21e-5
1.21e-5
1.2e-5
1.21e-5
1.23e-5
1.3e-5
1.22e-5
1.23e-5
1.22e-5
1.21e-5
1.22e-5
1.22e-5
1.22e-5
1.22e-5
1.22e-5
1.22e-5
1.21e-5
1.21e-5
1.21e-5
1.24e-5
1.21e-5
1.21e-5
1.23e-5
1.22e-5
1.21e-5
1.22e-5
1.23e-5
1.22e-5
1.21e-5
1.21e-5
1.22e-5
1.24e-5
1.22e-5
1.22e-5
1.22e-5
1.23e-5
1.22e-5
1.22e-5
1.22e-5
1.22e-5
2.78e-5
2.04e-5
1.35e-5
1.21e-5
1.24e-5
1.2e-5
1.2e-5
1.21e-5
1.2e-5
1.19e-5
1.2e-5
1.19e-5
1.18e-5
1.19e-5
1.19e-5
1.19e-5
2.35e-5
1.71e-5
1.22e-5
1.2e-5
1.24e-5
1.19e-5
1.2e-5
1.2e-5
1.2e-5
1.18e-5
1.2e-5
1.19e-5
1.2e-5
1.19e-5
1.21e-5
1.23e-5
1.2e-5
1.2e-5
1.26e-5
1.22e-5
1.21e-5
1.23e-5
1.2e-5
1.19e-5
1.2e-5
1.21e-5
1.2e-5
1.26e-5
1.2e-5
1.21e-5
1.23e-5
1.2e-5
1.21e-5
1.2e-5
1.23e-5
1.19e-5
1.21e-5
1.2e-5
1.2e-5
1.21e-5
1.19e-5
1.2e-5
1.2e-5
1.2e-5
1.2e-5
1.22e-5
1.19e-5
1.19e-5
1.2e-5
1.19e-5
1.22e-5
1.19e-5
1.2e-5
1.19e-5
1.2e-5
1.2e-5
1.22e-5
1.19e-5
1.19e-5
1.19e-5
1.22e-5
1.22e-5
1.19e-5
2.49e-5
2.1e-5
2.0e-5
2.01e-5
1.39e-5
1.26e-5
1.21e-5
1.2e-5
1.2e-5
1.21e-5
1.23e-5
1.21e-5
1.21e-5
1.22e-5
1.22e-5
1.21e-5
1.21e-5
1.21e-5
1.21e-5
1.2e-5
1.2e-5
1.21e-5
1.2e-5
1.2e-5
1.2e-5
1.21e-5
1.21e-5
1.21e-5
1.2e-5
1.2e-5
1.2e-5
1.2e-5
1.21e-5
1.19e-5
1.2e-5
1.21e-5
1.22e-5
1.22e-5
1.21e-5
1.2e-5
1.21e-5
1.21e-5
1.22e-5
1.2e-5
1.24e-5
1.47e-5
1.41e-5
1.28e-5
1.21e-5
1.21e-5
1.22e-5
1.21e-5
1.21e-5
1.2e-5
1.2e-5
1.21e-5
1.21e-5
1.2e-5
1.2e-5
1.21e-5
1.2e-5
1.21e-5
1.2e-5
1.19e-5
1.32e-5
1.21e-5
1.2e-5
1.2e-5
1.2e-5
1.2e-5
1.21e-5
1.21e-5
1.2e-5
1.2e-5
1.2e-5
1.21e-5
1.2e-5
1.21e-5
1.19e-5
2.58e-5
2.41e-5
1.74e-5
1.23e-5
1.2e-5
1.21e-5
1.2e-5
1.21e-5
1.21e-5
1.21e-5
1.21e-5
1.22e-5
1.2e-5
1.2e-5
1.19e-5
1.19e-5
1.2e-5
1.29e-5
1.21e-5
1.2e-5
1.19e-5
1.2e-5
1.21e-5
1.2e-5
1.19e-5
1.21e-5
1.21e-5
1.2e-5
1.2e-5
1.2e-5
1.2e-5
1.2e-5
1.2e-5
1.21e-5
1.21e-5
1.22e-5
1.2e-5
1.19e-5
1.2e-5
1.2e-5
1.19e-5
1.2e-5
1.19e-5
1.19e-5
1.2e-5
1.2e-5
1.2e-5
1.2e-5
1.22e-5
1.24e-5
1.2e-5
1.2e-5
1.19e-5
1.21e-5
1.21e-5
1.22e-5
1.2e-5
1.21e-5
1.23e-5
1.2e-5
1.2e-5
1.2e-5
1.2e-5
1.2e-5
1.2e-5
1.2e-5
1.19e-5
1.21e-5
1.21e-5
1.22e-5
1.21e-5
1.21e-5
1.21e-5
1.21e-5
1.2e-5
1.2e-5
1.22e-5
1.21e-5
1.2e-5
1.21e-5
2.96e-5
1.33e-5
1.21e-5
1.19e-5
1.21e-5
1.22e-5
1.19e-5
1.2e-5
1.2e-5
1.24e-5
1.2e-5
1.2e-5
1.2e-5
1.19e-5
1.19e-5
1.19e-5
1.19e-5
1.2e-5
1.2e-5
1.23e-5
1.19e-5
1.19e-5
1.2e-5
1.19e-5
1.19e-5
1.19e-5
1.2e-5
1.19e-5
1.2e-5
1.2e-5
1.2e-5
1.21e-5
1.2e-5
1.26e-5
1.19e-5
1.18e-5
1.19e-5
1.19e-5
1.2e-5
1.19e-5
1.19e-5
1.19e-5
1.2e-5
1.21e-5
1.2e-5
1.2e-5
1.19e-5
1.2e-5
1.21e-5
1.2e-5
1.22e-5
1.2e-5
1.2e-5
1.2e-5
1.2e-5
1.2e-5
1.2e-5
1.2e-5
1.19e-5
1.2e-5
1.21e-5
1.2e-5
1.19e-5
1.21e-5
1.2e-5
1.24e-5
1.22e-5
1.2e-5
1.2e-5
1.2e-5
1.2e-5
1.2e-5
1.2e-5
1.2e-5
1.19e-5
1.19e-5
1.2e-5
1.23e-5
1.2e-5
1.2e-5
1.2e-5
2.73e-5
1.96e-5
2.96e-5
1.49e-5
1.23e-5
1.2e-5
1.19e-5
1.2e-5
1.2e-5
1.2e-5
1.24e-5
1.2e-5
1.2e-5
1.22e-5
1.21e-5
1.19e-5
1.27e-5
1.19e-5
1.19e-5
1.19e-5
1.19e-5
1.18e-5
1.2e-5
1.21e-5
1.2e-5
1.2e-5
1.22e-5
1.21e-5
1.2e-5
1.21e-5
1.2e-5
1.2e-5
1.2e-5
1.2e-5
1.21e-5
1.2e-5
1.19e-5
1.2e-5
1.2e-5
1.2e-5
1.2e-5
1.18e-5
1.19e-5
1.23e-5
1.42e-5
1.34e-5
1.33e-5
1.22e-5
1.24e-5
1.2e-5
1.2e-5
1.24e-5
1.2e-5
1.19e-5
2.79e-5
1.23e-5
1.2e-5
1.2e-5
1.21e-5
1.19e-5
1.2e-5
1.2e-5
1.21e-5
1.19e-5
1.19e-5
1.21e-5
1.21e-5
1.19e-5
1.2e-5
1.2e-5
1.23e-5
1.19e-5
1.2e-5
1.2e-5
1.2e-5
1.21e-5
1.2e-5
1.2e-5
2.46e-5
3.63e-5
1.93e-5
1.23e-5
1.2e-5
1.2e-5
1.2e-5
1.24e-5
1.22e-5
1.2e-5
1.19e-5
1.19e-5
1.19e-5
1.19e-5
1.26e-5
1.2e-5
1.19e-5
1.19e-5
1.19e-5
1.2e-5
1.21e-5
1.19e-5
1.19e-5
1.19e-5
1.19e-5
1.19e-5
1.19e-5
1.19e-5
1.18e-5
1.18e-5
1.2e-5
1.19e-5
1.2e-5
1.19e-5
1.24e-5
1.19e-5
1.22e-5
1.21e-5
1.21e-5
1.24e-5
1.19e-5
1.2e-5
1.2e-5
1.37e-5
1.32e-5
1.38e-5
1.2e-5
1.24e-5
1.19e-5
1.2e-5
1.2e-5
1.21e-5
1.19e-5
1.2e-5
1.2e-5
1.22e-5
1.19e-5
1.2e-5
1.2e-5
1.2e-5
1.2e-5
1.19e-5
1.2e-5
1.2e-5
1.2e-5
1.21e-5
1.27e-5
1.2e-5
1.2e-5
1.2e-5
1.2e-5
1.2e-5
1.19e-5
1.19e-5
1.2e-5
1.21e-5
1.2e-5
1.2e-5
1.2e-5
3.07e-5
1.59e-5
1.23e-5
1.2e-5
1.22e-5
1.2e-5
1.19e-5
1.19e-5
1.19e-5
1.2e-5
1.18e-5
1.19e-5
1.19e-5
1.19e-5
1.19e-5
1.22e-5
1.19e-5
1.2e-5
1.2e-5
1.27e-5
1.2e-5
1.18e-5
1.2e-5
1.19e-5
1.19e-5
1.19e-5
1.19e-5
1.19e-5
1.19e-5
1.2e-5
1.19e-5
1.18e-5
1.18e-5
1.18e-5
1.2e-5
1.19e-5
1.19e-5
1.18e-5
1.19e-5
1.19e-5
1.19e-5
1.22e-5
1.2e-5
1.19e-5
1.19e-5
1.4e-5
1.34e-5
1.35e-5
1.19e-5
1.18e-5
1.19e-5
1.24e-5
1.2e-5
1.2e-5
1.2e-5
1.22e-5
1.19e-5
1.19e-5
1.18e-5
1.19e-5
1.19e-5
1.21e-5
1.2e-5
1.19e-5
1.19e-5
1.2e-5
1.19e-5
1.19e-5
1.19e-5
1.19e-5
1.19e-5
1.2e-5
1.19e-5
1.2e-5
1.19e-5
1.19e-5
1.18e-5
1.2e-5
1.19e-5
1.19e-5
2.45e-5
1.71e-5
1.21e-5
1.27e-5
1.19e-5
1.19e-5
1.2e-5
1.2e-5
1.19e-5
1.22e-5
1.19e-5
1.19e-5
1.2e-5
1.2e-5
1.23e-5
1.2e-5
1.19e-5
1.19e-5
1.2e-5
1.19e-5
1.19e-5
1.19e-5
1.21e-5
1.2e-5
1.19e-5
1.19e-5
1.2e-5
1.23e-5
1.2e-5
1.19e-5
1.2e-5
1.2e-5
1.21e-5
1.19e-5
1.19e-5
1.24e-5
1.21e-5
1.19e-5
1.2e-5
1.19e-5
1.23e-5
1.23e-5
1.34e-5
1.28e-5
1.19e-5
1.2e-5
1.19e-5
1.18e-5
1.18e-5
1.18e-5
1.19e-5
1.19e-5
1.19e-5
1.28e-5
1.19e-5
1.2e-5
1.19e-5
1.19e-5
1.19e-5
1.19e-5
1.19e-5
1.19e-5
1.18e-5
1.18e-5
1.18e-5
1.18e-5
1.18e-5
1.24e-5
1.19e-5
1.18e-5
1.19e-5
1.19e-5
1.19e-5
1.19e-5
1.19e-5
1.21e-5
1.19e-5
1.19e-5
1.19e-5
1.19e-5
1.19e-5
1.19e-5
2.45e-5
2.01e-5
1.37e-5
1.22e-5
1.21e-5
1.19e-5
1.19e-5
1.19e-5
1.22e-5
1.2e-5
1.18e-5
1.24e-5
1.19e-5
1.19e-5
1.2e-5
1.19e-5
1.19e-5
1.29e-5
1.2e-5
1.2e-5
1.2e-5
1.2e-5
1.19e-5
1.19e-5
1.2e-5
1.19e-5
1.2e-5
1.2e-5
1.2e-5
1.21e-5
1.19e-5
1.19e-5
1.19e-5
1.19e-5
1.2e-5
1.19e-5
1.2e-5
1.19e-5
1.19e-5
1.19e-5
1.2e-5
1.19e-5
1.19e-5
1.2e-5
1.21e-5
1.24e-5
1.43e-5
1.38e-5
1.36e-5
1.41e-5
1.24e-5
1.2e-5
1.19e-5
1.19e-5
1.19e-5
1.19e-5
1.2e-5
1.2e-5
1.2e-5
1.22e-5
1.2e-5
1.19e-5
1.2e-5
1.2e-5
1.21e-5
1.2e-5
1.2e-5
1.21e-5
1.2e-5
1.2e-5
1.2e-5
1.2e-5
1.19e-5
1.2e-5
1.2e-5
1.19e-5
1.19e-5
1.19e-5
1.2e-5
1.2e-5
2.51e-5
1.77e-5
1.21e-5
1.21e-5
1.2e-5
1.19e-5
1.21e-5
1.19e-5
1.2e-5
1.2e-5
1.21e-5
1.19e-5
1.19e-5
1.19e-5
1.19e-5
1.18e-5
1.2e-5
1.2e-5
1.2e-5
1.2e-5
1.2e-5
1.2e-5
1.19e-5
1.21e-5
1.19e-5
1.2e-5
1.19e-5
1.19e-5
1.19e-5
1.22e-5
1.2e-5
1.19e-5
1.2e-5
1.24e-5
1.19e-5
1.19e-5
1.2e-5
1.2e-5
1.19e-5
1.19e-5
1.19e-5
1.19e-5
1.2e-5
1.19e-5
1.19e-5
1.19e-5
1.19e-5
1.19e-5
1.2e-5
1.23e-5
1.19e-5
1.2e-5
1.2e-5
1.2e-5
1.2e-5
1.19e-5
1.2e-5
1.19e-5
1.19e-5
1.19e-5
1.2e-5
1.2e-5
1.2e-5
1.18e-5
1.2e-5
1.23e-5
1.2e-5
1.21e-5
1.19e-5
1.19e-5
1.2e-5
1.19e-5
1.19e-5
1.21e-5
1.21e-5
1.21e-5
1.19e-5
1.19e-5
1.19e-5
1.19e-5
1.19e-5
2.83e-5
1.95e-5
1.63e-5
1.3e-5
1.2e-5
1.22e-5
1.23e-5
1.27e-5
1.21e-5
1.21e-5
1.2e-5
1.2e-5
1.19e-5
1.19e-5
1.19e-5
1.2e-5
1.27e-5
1.2e-5
1.2e-5
1.2e-5
1.2e-5
1.2e-5
1.2e-5
1.21e-5
1.19e-5
1.19e-5
1.2e-5
1.2e-5
1.2e-5
1.2e-5
1.22e-5
1.19e-5
1.2e-5
1.2e-5
1.21e-5
1.2e-5
1.2e-5
1.19e-5
1.2e-5
1.19e-5
1.2e-5
1.2e-5
1.2e-5
1.2e-5
1.2e-5
1.19e-5
1.2e-5
1.22e-5
1.29e-5
1.2e-5
1.21e-5
1.21e-5
1.21e-5
1.21e-5
1.21e-5
1.2e-5
1.2e-5
1.21e-5
1.21e-5
1.21e-5
1.21e-5
1.21e-5
1.2e-5
1.21e-5
1.22e-5
1.21e-5
1.2e-5
1.21e-5
1.2e-5
1.2e-5
1.19e-5
1.21e-5
1.2e-5
1.21e-5
1.22e-5
1.21e-5
1.2e-5
1.2e-5
1.2e-5
1.21e-5
2.13e-5
2.04e-5
1.24e-5
2.69e-5
1.68e-5
1.21e-5
1.27e-5
1.2e-5
1.19e-5
1.2e-5
1.21e-5
1.18e-5
1.18e-5
1.2e-5
1.2e-5
1.19e-5
1.2e-5
1.2e-5
1.2e-5
1.2e-5
1.2e-5
1.21e-5
1.2e-5
1.19e-5
1.19e-5
1.19e-5
1.2e-5
1.2e-5
1.21e-5
1.2e-5
1.2e-5
1.19e-5
1.27e-5
1.21e-5
1.22e-5
1.2e-5
1.21e-5
1.2e-5
1.21e-5
1.23e-5
1.2e-5
1.2e-5
1.21e-5
1.24e-5
1.27e-5
1.41e-5
1.45e-5
1.21e-5
1.21e-5
1.2e-5
1.19e-5
1.19e-5
1.2e-5
1.2e-5
1.19e-5
1.21e-5
1.2e-5
1.2e-5
1.21e-5
1.21e-5
1.21e-5
1.2e-5
1.19e-5
1.2e-5
1.24e-5
1.2e-5
1.19e-5
1.2e-5
1.19e-5
1.2e-5
1.2e-5
1.2e-5
1.2e-5
1.2e-5
1.19e-5
1.2e-5
1.19e-5
1.2e-5
1.2e-5
1.2e-5
2.64e-5
1.86e-5
1.72e-5
2.17e-5
1.92e-5
1.61e-5
1.44e-5
1.23e-5
1.24e-5
1.2e-5
1.21e-5
1.2e-5
1.2e-5
1.23e-5
1.22e-5
1.2e-5
1.28e-5
1.21e-5
1.2e-5
1.2e-5
1.19e-5
1.2e-5
1.19e-5
1.2e-5
1.2e-5
1.21e-5
1.21e-5
1.21e-5
1.2e-5
1.24e-5
1.2e-5
1.2e-5
1.21e-5
1.2e-5
1.19e-5
1.19e-5
1.19e-5
1.19e-5
1.18e-5
1.2e-5
1.2e-5
1.2e-5
1.19e-5
1.2e-5
1.24e-5
1.2e-5
1.22e-5
1.2e-5
1.25e-5
1.19e-5
1.2e-5
1.2e-5
1.2e-5
1.2e-5
1.2e-5
1.19e-5
1.2e-5
1.2e-5
1.21e-5
1.2e-5
1.2e-5
1.2e-5
1.21e-5
1.2e-5
1.21e-5
1.2e-5
1.21e-5
1.2e-5
1.21e-5
1.23e-5
1.2e-5
1.2e-5
1.2e-5
1.19e-5
1.2e-5
1.19e-5
1.2e-5
1.21e-5
2.53e-5
2.35e-5
2.37e-5
2.69e-5
2.16e-5
1.64e-5
1.49e-5
1.54e-5
2.08e-5
1.69e-5
1.22e-5
1.19e-5
1.24e-5
1.22e-5
1.19e-5
1.2e-5
1.21e-5
1.19e-5
1.19e-5
1.2e-5
1.2e-5
1.2e-5
1.18e-5
1.2e-5
1.29e-5
2.02e-5
1.51e-5
1.22e-5
1.23e-5
1.21e-5
1.21e-5
1.2e-5
1.2e-5
1.19e-5
1.28e-5
1.2e-5
1.2e-5
1.19e-5
1.2e-5
1.2e-5
1.2e-5
1.19e-5
1.19e-5
1.19e-5
1.19e-5
1.27e-5
1.22e-5
1.21e-5
1.21e-5
1.2e-5
1.2e-5
1.2e-5
1.2e-5
1.2e-5
1.2e-5
1.19e-5
1.21e-5
1.2e-5
1.2e-5
1.2e-5
1.2e-5
1.2e-5
3.43e-5
1.7e-5
1.21e-5
1.2e-5
1.28e-5
1.2e-5
1.2e-5
1.19e-5
1.22e-5
1.19e-5
1.2e-5
1.19e-5
1.19e-5
1.19e-5
1.19e-5
1.19e-5
1.2e-5
1.19e-5
1.19e-5
1.18e-5
1.19e-5
1.19e-5
1.24e-5
1.19e-5
1.19e-5
1.2e-5
1.19e-5
1.2e-5
1.2e-5
1.2e-5
1.21e-5
1.2e-5
1.22e-5
1.2e-5
1.2e-5
1.2e-5
1.25e-5
1.19e-5
1.21e-5
1.2e-5
1.2e-5
1.2e-5
1.2e-5
1.2e-5
1.2e-5
1.19e-5
1.2e-5
1.19e-5
1.19e-5
1.18e-5
1.19e-5
1.2e-5
1.2e-5
1.2e-5
1.21e-5
1.19e-5
1.19e-5
1.23e-5
1.22e-5
1.19e-5
1.2e-5
1.23e-5
1.2e-5
1.21e-5
1.19e-5
1.19e-5
1.2e-5
1.2e-5
2.44e-5
1.43e-5
1.21e-5
1.21e-5
1.2e-5
1.2e-5
1.21e-5
1.2e-5
1.21e-5
1.19e-5
1.19e-5
1.19e-5
2.47e-5
2.11e-5
2.39e-5
1.26e-5
1.21e-5
1.2e-5
1.21e-5
1.2e-5
1.2e-5
1.2e-5
2.4e-5
1.67e-5
1.22e-5
1.2e-5
1.2e-5
1.19e-5
1.19e-5
1.19e-5
1.2e-5
1.2e-5
1.21e-5
1.24e-5
1.2e-5
1.18e-5
1.23e-5
1.19e-5
1.19e-5
1.19e-5
1.19e-5
1.17e-5
1.22e-5
1.19e-5
1.19e-5
1.18e-5
1.19e-5
1.19e-5
1.28e-5
1.2e-5
1.19e-5
1.2e-5
1.19e-5
1.2e-5
1.19e-5
1.19e-5
1.19e-5
1.2e-5
1.21e-5
1.19e-5
1.21e-5
1.19e-5
1.18e-5
1.19e-5
1.18e-5
1.2e-5
1.19e-5
1.19e-5
1.19e-5
1.2e-5
1.19e-5
1.2e-5
1.21e-5
1.19e-5
1.19e-5
1.18e-5
1.19e-5
1.19e-5
1.19e-5
1.19e-5
1.24e-5
1.19e-5
1.2e-5
1.19e-5
1.23e-5
1.19e-5
1.2e-5
1.2e-5
1.2e-5
1.22e-5
1.19e-5
2.85e-5
1.35e-5
1.52e-5
1.5e-5
1.48e-5
1.45e-5
1.47e-5
1.47e-5
1.5e-5
1.55e-5
1.53e-5
1.74e-5
1.59e-5
1.7e-5
1.65e-5
1.66e-5
1.62e-5
1.55e-5
1.6e-5
1.62e-5
1.66e-5
1.79e-5
1.63e-5
1.71e-5
1.34e-5
1.21e-5
1.22e-5
1.22e-5
1.21e-5
1.2e-5
1.2e-5
1.2e-5
1.21e-5
1.21e-5
1.21e-5
1.2e-5
1.21e-5
1.2e-5
1.2e-5
1.2e-5
1.21e-5
1.2e-5
1.2e-5
1.2e-5
1.21e-5
1.21e-5
1.21e-5
1.2e-5
1.2e-5
1.2e-5
1.23e-5
1.21e-5
1.21e-5
1.25e-5
1.2e-5
1.36e-5
1.21e-5
1.21e-5
1.21e-5
1.2e-5
1.23e-5
1.22e-5
1.21e-5
1.2e-5
1.21e-5
1.2e-5
1.2e-5
1.2e-5
1.2e-5
1.21e-5
1.2e-5
1.2e-5
1.21e-5
2.64e-5
1.74e-5
1.22e-5
1.2e-5
1.19e-5
1.2e-5
1.2e-5
1.2e-5
1.19e-5
1.2e-5
1.19e-5
1.21e-5
1.26e-5
1.23e-5
1.2e-5
1.23e-5
1.2e-5
1.2e-5
1.2e-5
1.19e-5
1.19e-5
1.22e-5
1.19e-5
1.19e-5
1.2e-5
1.2e-5
1.28e-5
1.19e-5
1.2e-5
1.19e-5
1.2e-5
1.2e-5
1.2e-5
1.2e-5
1.2e-5
1.19e-5
1.2e-5
1.2e-5
1.2e-5
1.19e-5
1.2e-5
1.19e-5
1.2e-5
1.2e-5
1.24e-5
1.19e-5
1.2e-5
1.2e-5
1.19e-5
1.18e-5
1.19e-5
1.2e-5
1.2e-5
1.19e-5
1.19e-5
1.2e-5
1.2e-5
1.19e-5
1.44e-5
1.39e-5
1.25e-5
1.19e-5
1.19e-5
1.19e-5
1.19e-5
1.21e-5
1.2e-5
1.19e-5
1.2e-5
1.19e-5
1.21e-5
1.19e-5
1.2e-5
1.2e-5
1.2e-5
1.2e-5
1.26e-5
1.19e-5
1.2e-5
1.19e-5
1.2e-5
2.81e-5
2.38e-5
1.36e-5
1.2e-5
1.2e-5
1.2e-5
1.19e-5
1.19e-5
1.19e-5
1.2e-5
1.19e-5
1.21e-5
1.2e-5
1.2e-5
1.2e-5
1.2e-5
1.2e-5
1.2e-5
1.2e-5
1.2e-5
1.19e-5
1.2e-5
1.2e-5
1.2e-5
1.26e-5
1.2e-5
1.2e-5
1.28e-5
1.21e-5
1.2e-5
1.21e-5
1.2e-5
1.2e-5
1.22e-5
1.2e-5
1.19e-5
1.2e-5
1.19e-5
1.2e-5
1.2e-5
1.2e-5
1.2e-5
1.2e-5
1.25e-5
1.21e-5
1.2e-5
1.2e-5
1.2e-5
1.2e-5
1.22e-5
1.21e-5
1.2e-5
1.2e-5
1.23e-5
1.44e-5
1.19e-5
1.19e-5
1.2e-5
1.2e-5
1.24e-5
1.19e-5
1.19e-5
1.19e-5
1.23e-5
1.2e-5
1.2e-5
1.2e-5
1.2e-5
1.19e-5
1.19e-5
1.19e-5
1.19e-5
1.18e-5
1.19e-5
1.19e-5
1.2e-5
1.19e-5
1.21e-5
1.19e-5
1.2e-5
2.55e-5
1.93e-5
1.47e-5
1.24e-5
1.18e-5
1.18e-5
1.18e-5
1.19e-5
1.19e-5
1.18e-5
1.18e-5
1.26e-5
1.19e-5
1.18e-5
1.18e-5
1.19e-5
1.18e-5
1.18e-5
1.18e-5
1.19e-5
1.18e-5
1.19e-5
1.24e-5
1.2e-5
1.18e-5
1.19e-5
1.17e-5
1.21e-5
1.18e-5
1.18e-5
1.18e-5
1.18e-5
1.18e-5
1.18e-5
1.18e-5
1.18e-5
1.21e-5
1.17e-5
1.18e-5
1.18e-5
1.18e-5
1.19e-5
1.18e-5
1.22e-5
1.19e-5
1.19e-5
1.18e-5
1.18e-5
1.19e-5
1.19e-5
1.18e-5
1.18e-5
1.18e-5
1.19e-5
1.43e-5
1.33e-5
1.28e-5
1.19e-5
1.18e-5
1.19e-5
1.17e-5
1.18e-5
1.22e-5
1.19e-5
1.18e-5
1.2e-5
1.19e-5
1.18e-5
1.17e-5
1.18e-5
1.18e-5
1.18e-5
1.18e-5
1.18e-5
1.17e-5
1.23e-5
1.18e-5
1.18e-5
1.17e-5
1.18e-5
1.18e-5
2.43e-5
1.69e-5
1.2e-5
1.2e-5
1.21e-5
1.18e-5
1.17e-5
1.18e-5
1.18e-5
1.19e-5
1.19e-5
1.19e-5
2.46e-5
1.49e-5
1.2e-5
1.19e-5
1.21e-5
1.2e-5
1.19e-5
1.19e-5
1.23e-5
1.19e-5
1.18e-5
1.19e-5
1.17e-5
1.19e-5
1.26e-5
1.19e-5
1.18e-5
1.18e-5
1.18e-5
1.18e-5
1.18e-5
1.18e-5
1.18e-5
1.18e-5
1.18e-5
1.17e-5
1.18e-5
1.18e-5
1.19e-5
1.18e-5
1.18e-5
1.18e-5
1.18e-5
1.18e-5
1.18e-5
1.18e-5
1.23e-5
1.18e-5
1.18e-5
1.18e-5
1.22e-5
1.29e-5
1.33e-5
1.43e-5
1.19e-5
1.19e-5
1.24e-5
1.22e-5
1.19e-5
1.18e-5
1.19e-5
1.22e-5
1.19e-5
1.18e-5
1.18e-5
1.19e-5
1.19e-5
1.2e-5
1.2e-5
1.19e-5
1.18e-5
1.18e-5
1.18e-5
1.18e-5
1.18e-5
1.19e-5
1.19e-5
1.19e-5
1.18e-5
2.65e-5
1.93e-5
1.38e-5
1.21e-5
1.19e-5
1.19e-5
1.19e-5
1.19e-5
1.19e-5
1.26e-5
1.19e-5
1.28e-5
1.19e-5
1.19e-5
1.2e-5
1.19e-5
1.19e-5
1.19e-5
1.23e-5
1.2e-5
1.18e-5
1.19e-5
1.2e-5
1.19e-5
1.19e-5
1.2e-5
1.19e-5
1.19e-5
1.19e-5
1.19e-5
1.2e-5
1.2e-5
1.2e-5
1.2e-5
1.19e-5
1.19e-5
1.19e-5
1.19e-5
1.19e-5
1.19e-5
1.19e-5
1.23e-5
1.19e-5
1.2e-5
1.19e-5
1.19e-5
1.19e-5
1.19e-5
1.19e-5
1.18e-5
1.19e-5
1.18e-5
1.29e-5
1.35e-5
1.43e-5
1.19e-5
1.18e-5
1.22e-5
1.19e-5
1.19e-5
1.19e-5
1.19e-5
1.19e-5
1.19e-5
1.18e-5
1.19e-5
1.19e-5
1.18e-5
1.19e-5
1.19e-5
1.19e-5
1.2e-5
1.19e-5
1.23e-5
1.19e-5
1.19e-5
1.21e-5
1.19e-5
1.19e-5
1.19e-5
1.19e-5
2.76e-5
1.45e-5
1.2e-5
1.19e-5
1.19e-5
1.18e-5
1.19e-5
1.19e-5
1.2e-5
1.19e-5
1.19e-5
1.18e-5
1.19e-5
1.22e-5
1.19e-5
1.19e-5
1.2e-5
1.2e-5
1.21e-5
1.19e-5
1.19e-5
1.18e-5
1.18e-5
1.18e-5
1.26e-5
1.19e-5
1.19e-5
1.18e-5
1.19e-5
1.19e-5
1.18e-5
1.18e-5
1.19e-5
1.19e-5
1.18e-5
1.19e-5
1.19e-5
1.19e-5
1.19e-5
1.19e-5
1.2e-5
1.2e-5
1.2e-5
1.18e-5
1.2e-5
1.19e-5
1.19e-5
1.19e-5
1.19e-5
1.18e-5
1.19e-5
1.18e-5
1.19e-5
1.2e-5
1.19e-5
1.21e-5
1.23e-5
1.19e-5
1.2e-5
1.19e-5
1.2e-5
1.18e-5
1.22e-5
1.21e-5
1.19e-5
1.19e-5
1.19e-5
1.19e-5
1.19e-5
1.18e-5
1.21e-5
1.19e-5
1.19e-5
1.18e-5
1.19e-5
1.18e-5
1.19e-5
1.18e-5
1.19e-5
1.19e-5
1.19e-5
2.47e-5
2.06e-5
1.34e-5
1.2e-5
1.22e-5
1.19e-5
1.18e-5
1.26e-5
1.2e-5
1.18e-5
1.18e-5
1.18e-5
1.17e-5
1.23e-5
1.19e-5
1.19e-5
1.18e-5
1.18e-5
1.18e-5
1.18e-5
1.19e-5
1.18e-5
1.17e-5
1.18e-5
1.18e-5
1.19e-5
1.18e-5
1.21e-5
1.18e-5
1.18e-5
1.19e-5
1.18e-5
1.18e-5
1.18e-5
1.18e-5
1.18e-5
1.19e-5
1.18e-5
1.18e-5
1.22e-5
1.18e-5
1.18e-5
1.18e-5
1.19e-5
1.18e-5
1.18e-5
1.18e-5
1.19e-5
1.18e-5
1.18e-5
1.17e-5
1.18e-5
1.17e-5
1.22e-5
1.18e-5
1.19e-5
1.18e-5
1.18e-5
1.2e-5
1.19e-5
1.19e-5
1.19e-5
1.19e-5
1.18e-5
1.17e-5
1.2e-5
1.18e-5
1.18e-5
1.18e-5
1.2e-5
1.18e-5
1.22e-5
1.2e-5
1.18e-5
1.17e-5
1.18e-5
1.19e-5
1.18e-5
1.18e-5
1.18e-5
1.18e-5
1.19e-5
1.19e-5
2.66e-5
1.58e-5
2.72e-5
1.69e-5
1.22e-5
1.21e-5
1.2e-5
1.2e-5
1.2e-5
1.25e-5
1.2e-5
1.2e-5
1.19e-5
1.2e-5
1.19e-5
1.2e-5
1.19e-5
1.19e-5
1.18e-5
1.19e-5
1.27e-5
1.19e-5
1.19e-5
1.19e-5
1.2e-5
1.19e-5
1.18e-5
1.19e-5
1.19e-5
1.19e-5
0.0001662
1.2e-5
1.19e-5
1.18e-5
2.68e-5
1.75e-5
1.21e-5
1.19e-5
1.18e-5
1.17e-5
1.17e-5
1.18e-5
1.18e-5
1.18e-5
1.17e-5
1.18e-5
1.2e-5
1.18e-5
1.24e-5
1.19e-5
1.17e-5
1.18e-5
2.31e-5
1.22e-5
1.19e-5
1.19e-5
1.18e-5
1.18e-5
1.18e-5
1.19e-5
1.2e-5
1.18e-5
2.06e-5
1.87e-5
2.73e-5
1.92e-5
3.03e-5
1.71e-5
1.22e-5
1.19e-5
1.2e-5
1.18e-5
1.19e-5
1.19e-5
1.23e-5
1.18e-5
1.18e-5
1.18e-5
1.19e-5
1.19e-5
1.19e-5
1.18e-5
1.2e-5
1.19e-5
1.28e-5
1.19e-5
1.19e-5
1.19e-5
1.22e-5
1.19e-5
1.19e-5
1.19e-5
1.18e-5
1.18e-5
1.19e-5
1.19e-5
1.19e-5
1.19e-5
1.19e-5
1.19e-5
1.2e-5
1.19e-5
1.19e-5
1.19e-5
1.19e-5
3.4e-5
1.72e-5
1.21e-5
1.19e-5
1.19e-5
1.18e-5
1.19e-5
1.18e-5
1.19e-5
1.18e-5
1.19e-5
1.5e-5
1.3e-5
1.52e-5
1.44e-5
1.2e-5
1.2e-5
1.19e-5
1.19e-5
1.19e-5
1.2e-5
1.2e-5
1.23e-5
1.2e-5
1.19e-5
1.19e-5
1.2e-5
1.2e-5
1.19e-5
1.19e-5
1.19e-5
1.19e-5
1.2e-5
1.2e-5
1.21e-5
1.2e-5
2.88e-5
1.97e-5
3.79e-5
1.34e-5
1.22e-5
1.21e-5
1.19e-5
1.29e-5
1.21e-5
1.22e-5
1.21e-5
1.2e-5
1.2e-5
1.2e-5
1.2e-5
1.2e-5
1.2e-5
1.2e-5
1.21e-5
1.2e-5
1.21e-5
1.23e-5
1.2e-5
1.21e-5
1.2e-5
1.23e-5
1.22e-5
1.2e-5
1.21e-5
1.2e-5
1.21e-5
1.2e-5
1.2e-5
1.2e-5
1.21e-5
1.2e-5
1.21e-5
1.2e-5
1.21e-5
1.25e-5
1.2e-5
1.21e-5
1.2e-5
1.2e-5
1.21e-5
1.21e-5
1.21e-5
1.21e-5
1.2e-5
1.2e-5
1.21e-5
1.25e-5
1.29e-5
1.37e-5
1.44e-5
1.21e-5
1.2e-5
1.22e-5
1.21e-5
1.21e-5
1.2e-5
1.21e-5
1.2e-5
1.22e-5
1.21e-5
1.25e-5
1.2e-5
1.21e-5
1.21e-5
1.21e-5
1.2e-5
1.26e-5
1.2e-5
1.2e-5
1.2e-5
1.2e-5
1.21e-5
2.47e-5
1.69e-5
1.2e-5
1.19e-5
1.19e-5
1.19e-5
1.19e-5
1.19e-5
1.19e-5
1.19e-5
1.19e-5
1.19e-5
1.18e-5
1.2e-5
1.19e-5
1.19e-5
1.18e-5
1.18e-5
1.19e-5
1.2e-5
1.19e-5
1.19e-5
1.19e-5
1.19e-5
1.19e-5
1.19e-5
1.27e-5
1.24e-5
1.2e-5
1.18e-5
1.19e-5
1.18e-5
1.2e-5
1.18e-5
1.19e-5
1.18e-5
1.19e-5
1.18e-5
1.18e-5
1.19e-5
1.19e-5
1.18e-5
1.19e-5
1.19e-5
1.18e-5
1.19e-5
1.19e-5
1.19e-5
1.19e-5
1.18e-5
1.18e-5
1.18e-5
1.18e-5
1.18e-5
1.19e-5
1.19e-5
1.22e-5
1.18e-5
1.24e-5
1.19e-5
1.18e-5
1.19e-5
1.19e-5
1.18e-5
1.18e-5
1.19e-5
1.21e-5
1.19e-5
1.19e-5
1.19e-5
1.18e-5
1.18e-5
1.19e-5
1.19e-5
1.2e-5
1.19e-5
1.2e-5
1.19e-5
1.19e-5
1.18e-5
1.19e-5
1.19e-5
2.38e-5
2.64e-5
2.46e-5
1.77e-5
1.55e-5
1.45e-5
1.56e-5
1.47e-5
1.68e-5
1.52e-5
1.48e-5
1.38e-5
1.22e-5
1.45e-5
1.48e-5
1.4e-5
1.23e-5
1.21e-5
1.21e-5
1.22e-5
1.2e-5
1.2e-5
1.2e-5
1.19e-5
1.58e-5
1.34e-5
1.21e-5
1.2e-5
1.21e-5
1.28e-5
1.56e-5
1.58e-5
1.25e-5
1.22e-5
1.21e-5
1.2e-5
1.2e-5
1.2e-5
1.23e-5
1.21e-5
1.29e-5
1.2e-5
1.2e-5
1.2e-5
1.2e-5
1.2e-5
1.2e-5
1.2e-5
1.19e-5
1.21e-5
1.37e-5
1.31e-5
1.45e-5
1.41e-5
1.24e-5
1.21e-5
1.2e-5
1.2e-5
1.2e-5
1.21e-5
1.2e-5
1.2e-5
1.21e-5
1.24e-5
1.22e-5
1.21e-5
1.22e-5
1.2e-5
1.21e-5
1.2e-5
1.2e-5
1.2e-5
1.26e-5
1.2e-5
2.6e-5
1.73e-5
1.23e-5
1.19e-5
1.2e-5
1.19e-5
1.2e-5
1.19e-5
1.23e-5
1.2e-5
1.19e-5
1.2e-5
1.19e-5
1.2e-5
1.19e-5
1.2e-5
1.2e-5
1.2e-5
1.19e-5
1.21e-5
1.19e-5
1.2e-5
1.19e-5
1.2e-5
1.2e-5
1.19e-5
1.19e-5
1.19e-5
1.25e-5
1.21e-5
1.26e-5
1.19e-5
1.19e-5
1.2e-5
1.2e-5
1.19e-5
1.19e-5
1.19e-5
1.2e-5
1.19e-5
1.2e-5
1.19e-5
1.2e-5
1.2e-5
1.2e-5
1.22e-5
1.21e-5
1.2e-5
1.2e-5
1.19e-5
1.2e-5
1.19e-5
1.22e-5
1.2e-5
1.2e-5
1.19e-5
1.2e-5
1.21e-5
1.2e-5
1.2e-5
1.2e-5
1.19e-5
1.25e-5
1.2e-5
1.2e-5
3.12e-5
1.51e-5
1.22e-5
1.25e-5
1.22e-5
1.21e-5
1.21e-5
1.21e-5
1.2e-5
1.21e-5
1.21e-5
1.21e-5
1.21e-5
1.22e-5
2.45e-5
2.0e-5
1.6e-5
1.62e-5
1.76e-5
1.72e-5
1.37e-5
1.22e-5
1.2e-5
1.21e-5
1.21e-5
1.2e-5
1.2e-5
1.2e-5
1.2e-5
1.29e-5
1.21e-5
1.38e-5
1.21e-5
1.21e-5
1.22e-5
1.21e-5
1.2e-5
1.2e-5
1.2e-5
1.2e-5
1.22e-5
1.21e-5
1.26e-5
1.22e-5
1.22e-5
1.22e-5
1.21e-5
1.2e-5
1.21e-5
1.21e-5
1.21e-5
1.2e-5
1.2e-5
1.2e-5
1.21e-5
1.21e-5
1.21e-5
1.2e-5
1.2e-5
1.2e-5
1.22e-5
1.26e-5
1.21e-5
1.22e-5
1.21e-5
1.21e-5
1.22e-5
1.24e-5
1.21e-5
1.2e-5
1.21e-5
1.21e-5
1.21e-5
1.21e-5
1.21e-5
1.22e-5
1.21e-5
1.21e-5
1.21e-5
1.21e-5
1.21e-5
1.24e-5
1.24e-5
1.21e-5
1.21e-5
1.2e-5
1.2e-5
1.21e-5
1.2e-5
1.21e-5
1.21e-5
1.21e-5
1.21e-5
2.59e-5
7.09e-5
4.0e-5
1.33e-5
1.24e-5
1.22e-5
1.21e-5
1.21e-5
1.21e-5
1.2e-5
1.21e-5
1.2e-5
1.21e-5
1.21e-5
1.2e-5
1.2e-5
1.21e-5
1.2e-5
1.21e-5
1.22e-5
1.22e-5
1.21e-5
1.2e-5
1.21e-5
1.21e-5
1.2e-5
1.52e-5
1.2e-5
1.27e-5
1.21e-5
1.21e-5
1.21e-5
1.47e-5
1.21e-5
1.2e-5
1.21e-5
1.2e-5
1.21e-5
1.21e-5
1.2e-5
1.2e-5
1.2e-5
1.2e-5
1.2e-5
1.2e-5
1.2e-5
1.28e-5
1.38e-5
1.2e-5
1.21e-5
1.2e-5
1.21e-5
1.2e-5
1.2e-5
1.2e-5
1.21e-5
1.21e-5
1.24e-5
1.2e-5
1.2e-5
1.2e-5
1.21e-5
1.21e-5
1.21e-5
1.24e-5
1.21e-5
1.2e-5
1.25e-5
1.21e-5
1.22e-5
1.24e-5
1.21e-5
1.21e-5
4.32e-5
2.63e-5
1.89e-5
1.93e-5
1.47e-5
1.27e-5
1.22e-5
1.22e-5
1.23e-5
1.23e-5
1.38e-5
1.53e-5
1.29e-5
1.26e-5
1.23e-5
1.23e-5
1.23e-5
1.22e-5
1.23e-5
1.22e-5
1.22e-5
1.22e-5
1.22e-5
1.33e-5
1.22e-5
1.22e-5
1.23e-5
1.22e-5
1.22e-5
1.21e-5
1.22e-5
1.22e-5
1.22e-5
1.43e-5
1.24e-5
1.22e-5
1.22e-5
1.22e-5
1.22e-5
1.22e-5
1.23e-5
1.24e-5
1.21e-5
1.21e-5
1.21e-5
1.21e-5
1.21e-5
1.21e-5
1.21e-5
1.21e-5
1.2e-5
1.21e-5
1.21e-5
1.22e-5
1.22e-5
1.26e-5
1.21e-5
1.22e-5
1.21e-5
1.22e-5
1.22e-5
1.22e-5
1.22e-5
1.25e-5
1.2e-5
1.21e-5
1.21e-5
1.22e-5
1.21e-5
1.21e-5
1.2e-5
1.22e-5
1.21e-5
1.25e-5
1.22e-5
1.22e-5
2.75e-5
1.5e-5
1.42e-5
1.58e-5
1.23e-5
1.19e-5
1.2e-5
1.2e-5
1.2e-5
1.23e-5
1.19e-5
1.28e-5
1.2e-5
1.2e-5
1.2e-5
1.19e-5
1.19e-5
1.19e-5
1.19e-5
1.2e-5
1.2e-5
1.19e-5
1.22e-5
1.2e-5
1.19e-5
1.19e-5
1.19e-5
1.2e-5
1.19e-5
1.19e-5
1.19e-5
1.2e-5
1.2e-5
1.2e-5
1.19e-5
1.19e-5
1.23e-5
1.21e-5
1.19e-5
1.19e-5
1.19e-5
1.19e-5
1.19e-5
1.24e-5
1.19e-5
1.2e-5
1.2e-5
1.2e-5
2.75e-5
6.08e-5
1.68e-5
1.36e-5
1.4e-5
1.3e-5
1.21e-5
1.21e-5
1.2e-5
1.19e-5
1.2e-5
1.2e-5
1.2e-5
1.22e-5
1.2e-5
1.2e-5
1.2e-5
1.2e-5
1.19e-5
1.2e-5
1.19e-5
1.2e-5
1.19e-5
1.2e-5
1.2e-5
1.2e-5
1.48e-5
1.74e-5
1.53e-5
1.35e-5
1.61e-5
1.33e-5
1.22e-5
1.23e-5
1.22e-5
1.21e-5
1.2e-5
1.2e-5
1.21e-5
1.2e-5
1.23e-5
1.2e-5
1.21e-5
1.21e-5
1.2e-5
1.19e-5
1.2e-5
1.2e-5
1.21e-5
1.21e-5
1.2e-5
1.19e-5
1.21e-5
1.21e-5
1.21e-5
1.21e-5
1.38e-5
1.45e-5
1.22e-5
1.3e-5
1.2e-5
1.2e-5
1.2e-5
1.21e-5
1.2e-5
1.21e-5
1.19e-5
1.23e-5
1.2e-5
1.54e-5
3.79e-5
1.75e-5
1.22e-5
1.2e-5
1.19e-5
1.19e-5
2.56e-5
1.42e-5
1.38e-5
1.34e-5
1.36e-5
1.19e-5
1.19e-5
1.19e-5
1.19e-5
1.2e-5
1.19e-5
1.19e-5
7.44e-5
1.75e-5
1.21e-5
1.22e-5
1.21e-5
1.29e-5
1.22e-5
1.21e-5
1.21e-5
1.22e-5
1.21e-5
1.21e-5
1.21e-5
1.73e-5
1.44e-5
1.22e-5
1.21e-5
1.21e-5
1.24e-5
1.2e-5
1.2e-5
1.2e-5
1.2e-5
1.21e-5
1.2e-5
1.21e-5
1.19e-5
1.2e-5
1.2e-5
1.2e-5
1.19e-5
1.2e-5
1.2e-5
1.19e-5
1.19e-5
1.2e-5
1.19e-5
1.2e-5
1.2e-5
1.19e-5
1.19e-5
1.2e-5
1.2e-5
1.19e-5
1.19e-5
1.19e-5
1.19e-5
1.2e-5
1.21e-5
1.26e-5
1.21e-5
1.2e-5
1.2e-5
1.19e-5
1.2e-5
2.65e-5
1.9e-5
1.3e-5
1.24e-5
1.22e-5
1.21e-5
1.21e-5
1.21e-5
1.23e-5
1.45e-5
1.4e-5
1.24e-5
1.21e-5
1.2e-5
1.21e-5
1.22e-5
1.22e-5
1.2e-5
1.2e-5
1.2e-5
1.2e-5
1.22e-5
1.2e-5
1.2e-5
1.19e-5
1.2e-5
1.19e-5
1.2e-5
1.2e-5
1.19e-5
1.19e-5
1.19e-5
1.19e-5
1.19e-5
1.2e-5
1.21e-5
1.2e-5
1.4e-5
1.67e-5
1.29e-5
1.22e-5
1.21e-5
1.24e-5
1.22e-5
1.21e-5
1.23e-5
1.2e-5
1.21e-5
1.21e-5
1.21e-5
1.22e-5
1.21e-5
1.2e-5
1.2e-5
1.18e-5
1.2e-5
1.19e-5
1.2e-5
1.2e-5
1.2e-5
1.19e-5
1.21e-5
1.19e-5
1.19e-5
1.2e-5
1.21e-5
1.19e-5
1.2e-5
1.2e-5
1.19e-5
1.18e-5
1.21e-5
1.2e-5
1.2e-5
1.21e-5
1.21e-5
1.19e-5
1.21e-5
1.2e-5
2.49e-5
1.7e-5
1.27e-5
1.24e-5
1.21e-5
1.2e-5
1.21e-5
1.2e-5
1.22e-5
1.2e-5
1.2e-5
1.19e-5
1.2e-5
1.2e-5
1.2e-5
1.19e-5
1.2e-5
1.2e-5
1.19e-5
1.19e-5
1.19e-5
1.19e-5
1.2e-5
1.2e-5
1.21e-5
1.21e-5
1.19e-5
1.2e-5
1.19e-5
1.2e-5
1.2e-5
1.2e-5
1.21e-5
1.18e-5
1.2e-5
1.2e-5
1.21e-5
1.2e-5
1.21e-5
1.61e-5
1.46e-5
1.23e-5
1.23e-5
1.21e-5
1.21e-5
1.45e-5
1.65e-5
1.31e-5
1.25e-5
1.22e-5
1.21e-5
1.22e-5
1.22e-5
1.22e-5
1.22e-5
1.21e-5
1.21e-5
1.21e-5
1.21e-5
1.21e-5
1.21e-5
1.23e-5
1.21e-5
1.21e-5
1.21e-5
1.2e-5
1.21e-5
1.22e-5
1.22e-5
1.2e-5
1.21e-5
1.21e-5
1.21e-5
1.24e-5
1.27e-5
1.21e-5
1.21e-5
1.2e-5
1.21e-5
1.2e-5
2.89e-5
2.53e-5
1.72e-5
1.27e-5
1.21e-5
1.2e-5
1.18e-5
1.25e-5
1.41e-5
1.39e-5
1.34e-5
1.42e-5
1.21e-5
1.21e-5
1.21e-5
1.21e-5
1.21e-5
1.21e-5
1.2e-5
1.2e-5
1.2e-5
1.21e-5
1.2e-5
1.2e-5
1.21e-5
1.21e-5
1.26e-5
1.2e-5
1.2e-5
1.19e-5
1.23e-5
1.21e-5
1.2e-5
1.2e-5
1.2e-5
1.2e-5
1.43e-5
1.63e-5
1.26e-5
1.21e-5
1.25e-5
1.21e-5
1.21e-5
1.2e-5
1.21e-5
1.2e-5
1.2e-5
1.19e-5
1.19e-5
1.19e-5
1.2e-5
1.2e-5
1.2e-5
1.21e-5
1.2e-5
1.23e-5
1.23e-5
1.2e-5
1.25e-5
1.21e-5
1.2e-5
1.2e-5
1.2e-5
1.2e-5
1.2e-5
1.2e-5
1.21e-5
1.2e-5
1.19e-5
1.2e-5
1.19e-5
1.19e-5
1.2e-5
1.2e-5
1.2e-5
1.19e-5
1.19e-5
1.2e-5
2.56e-5
2.66e-5
1.89e-5
1.47e-5
1.6e-5
1.83e-5
2.25e-5
1.3e-5
1.21e-5
1.21e-5
1.2e-5
1.2e-5
1.27e-5
1.2e-5
1.2e-5
1.27e-5
1.57e-5
1.64e-5
1.32e-5
1.21e-5
1.21e-5
1.29e-5
1.21e-5
1.21e-5
1.21e-5
1.2e-5
1.22e-5
1.21e-5
1.21e-5
1.22e-5
1.21e-5
1.21e-5
1.21e-5
1.22e-5
1.44e-5
1.48e-5
1.25e-5
1.22e-5
1.22e-5
1.21e-5
1.21e-5
1.25e-5
1.22e-5
1.22e-5
1.27e-5
1.21e-5
1.23e-5
1.22e-5
1.22e-5
1.24e-5
1.22e-5
1.21e-5
1.21e-5
1.21e-5
1.22e-5
1.21e-5
1.22e-5
1.21e-5
1.22e-5
1.21e-5
1.21e-5
1.21e-5
1.22e-5
1.21e-5
1.21e-5
1.26e-5
1.22e-5
1.21e-5
1.22e-5
1.42e-5
1.55e-5
1.25e-5
1.23e-5
1.22e-5
1.22e-5
2.54e-5
1.78e-5
1.25e-5
1.58e-5
1.5e-5
1.32e-5
1.22e-5
1.24e-5
1.2e-5
1.21e-5
1.2e-5
1.22e-5
1.2e-5
1.21e-5
1.2e-5
1.2e-5
1.21e-5
1.21e-5
1.19e-5
1.19e-5
1.19e-5
1.2e-5
1.19e-5
1.21e-5
1.19e-5
1.2e-5
1.19e-5
1.2e-5
1.19e-5
1.21e-5
1.2e-5
1.2e-5
1.19e-5
1.27e-5
1.24e-5
1.21e-5
1.2e-5
1.21e-5
1.49e-5
1.56e-5
1.25e-5
1.21e-5
1.22e-5
1.22e-5
1.22e-5
1.25e-5
1.23e-5
1.22e-5
1.21e-5
1.21e-5
1.21e-5
1.21e-5
1.21e-5
1.24e-5
1.22e-5
1.21e-5
1.22e-5
1.21e-5
1.21e-5
1.2e-5
1.21e-5
1.21e-5
1.21e-5
1.21e-5
1.2e-5
1.26e-5
1.22e-5
1.21e-5
1.22e-5
1.2e-5
1.21e-5
1.21e-5
1.2e-5
1.21e-5
1.2e-5
1.21e-5
1.2e-5
1.21e-5
1.24e-5
1.22e-5
2.7e-5
1.72e-5
1.65e-5
1.62e-5
1.75e-5
1.7e-5
1.34e-5
1.2e-5
1.2e-5
1.2e-5
1.19e-5
1.2e-5
1.19e-5
1.2e-5
1.2e-5
1.2e-5
1.2e-5
1.28e-5
1.2e-5
1.2e-5
1.2e-5
1.19e-5
1.19e-5
1.19e-5
1.18e-5
1.2e-5
1.19e-5
1.2e-5
1.2e-5
1.21e-5
1.19e-5
1.2e-5
1.22e-5
1.2e-5
1.19e-5
1.2e-5
1.34e-5
1.61e-5
1.28e-5
1.21e-5
1.22e-5
1.22e-5
1.24e-5
1.24e-5
1.21e-5
1.22e-5
1.21e-5
1.21e-5
1.22e-5
1.26e-5
1.2e-5
1.21e-5
1.21e-5
1.21e-5
1.2e-5
1.2e-5
1.21e-5
1.21e-5
1.21e-5
1.21e-5
1.21e-5
1.21e-5
1.2e-5
1.22e-5
1.23e-5
1.21e-5
1.21e-5
1.21e-5
1.21e-5
1.21e-5
1.21e-5
1.21e-5
1.21e-5
1.21e-5
1.2e-5
1.2e-5
1.2e-5
1.2e-5
2.46e-5
1.78e-5
1.21e-5
3.03e-5
1.44e-5
1.27e-5
1.22e-5
1.21e-5
1.25e-5
1.21e-5
1.21e-5
1.2e-5
1.2e-5
1.21e-5
1.2e-5
1.21e-5
1.2e-5
1.2e-5
1.2e-5
1.21e-5
1.23e-5
1.2e-5
1.2e-5
1.2e-5
1.2e-5
1.2e-5
1.2e-5
1.21e-5
1.2e-5
1.2e-5
1.2e-5
1.2e-5
1.2e-5
1.2e-5
1.21e-5
1.28e-5
1.2e-5
1.57e-5
1.53e-5
1.24e-5
1.21e-5
1.22e-5
1.21e-5
1.21e-5
1.24e-5
1.2e-5
1.21e-5
1.23e-5
1.2e-5
1.2e-5
1.2e-5
1.21e-5
1.25e-5
1.21e-5
1.22e-5
1.2e-5
1.21e-5
1.2e-5
1.2e-5
1.19e-5
1.2e-5
1.19e-5
1.2e-5
1.2e-5
1.19e-5
1.19e-5
1.2e-5
1.24e-5
1.2e-5
1.19e-5
1.19e-5
1.19e-5
1.19e-5
1.19e-5
1.2e-5
1.2e-5
1.2e-5
1.21e-5
1.2e-5
1.2e-5
1.21e-5
1.2e-5
1.2e-5
1.23e-5
1.19e-5
1.21e-5
1.2e-5
1.22e-5
1.22e-5
1.31e-5
1.4e-5
1.44e-5
1.35e-5
1.33e-5
1.2e-5
1.21e-5
1.24e-5
1.21e-5
1.21e-5
1.25e-5
1.21e-5
1.2e-5
1.21e-5
1.23e-5
1.21e-5
1.21e-5
1.21e-5
2.67e-5
1.7e-5
3.09e-5
2.41e-5
1.33e-5
1.23e-5
1.31e-5
1.67e-5
1.44e-5
1.24e-5
1.23e-5
1.23e-5
1.23e-5
1.22e-5
1.22e-5
1.22e-5
1.29e-5
1.21e-5
1.21e-5
1.22e-5
1.23e-5
1.22e-5
1.22e-5
1.21e-5
1.29e-5
1.22e-5
1.2e-5
1.21e-5
1.21e-5
1.21e-5
1.21e-5
1.2e-5
1.21e-5
1.27e-5
1.22e-5
1.22e-5
1.22e-5
1.21e-5
1.22e-5
1.21e-5
1.21e-5
1.21e-5
1.22e-5
1.22e-5
1.22e-5
1.23e-5
1.22e-5
1.21e-5
1.22e-5
1.22e-5
1.21e-5
1.22e-5
1.21e-5
1.22e-5
1.22e-5
1.25e-5
1.27e-5
1.21e-5
1.21e-5
1.22e-5
1.22e-5
1.22e-5
1.21e-5
1.2e-5
1.21e-5
1.22e-5
1.22e-5
1.21e-5
1.21e-5
1.22e-5
1.21e-5
1.21e-5
1.21e-5
1.21e-5
1.22e-5
1.22e-5
1.23e-5
2.72e-5
1.52e-5
1.22e-5
1.93e-5
2.04e-5
1.51e-5
1.51e-5
1.62e-5
1.62e-5
1.4e-5
2.02e-5
2.4e-5
1.74e-5
1.63e-5
1.59e-5
1.64e-5
1.39e-5
1.3e-5
1.23e-5
1.2e-5
1.21e-5
1.2e-5
1.21e-5
1.2e-5
1.2e-5
1.56e-5
1.57e-5
1.36e-5
1.22e-5
1.35e-5
1.49e-5
1.28e-5
1.23e-5
1.22e-5
1.23e-5
1.22e-5
1.22e-5
1.21e-5
1.22e-5
1.21e-5
1.21e-5
1.21e-5
1.22e-5
1.28e-5
1.26e-5
1.21e-5
1.22e-5
1.21e-5
1.22e-5
1.22e-5
1.24e-5
1.26e-5
1.41e-5
1.23e-5
1.22e-5
1.21e-5
1.21e-5
1.23e-5
1.22e-5
1.21e-5
1.21e-5
1.21e-5
1.21e-5
1.21e-5
1.22e-5
2.08e-5
1.24e-5
1.22e-5
1.22e-5
1.21e-5
1.21e-5
1.21e-5
2.45e-5
2.56e-5
1.94e-5
1.33e-5
1.21e-5
1.21e-5
1.22e-5
1.2e-5
1.5e-5
1.58e-5
1.26e-5
1.22e-5
1.21e-5
1.2e-5
1.2e-5
1.21e-5
1.3e-5
1.22e-5
1.22e-5
1.24e-5
1.2e-5
1.21e-5
1.22e-5
1.21e-5
1.23e-5
1.21e-5
1.2e-5
1.21e-5
1.2e-5
1.2e-5
1.21e-5
1.23e-5
1.21e-5
1.2e-5
1.21e-5
1.27e-5
1.2e-5
1.2e-5
1.21e-5
1.22e-5
1.2e-5
1.2e-5
1.2e-5
1.21e-5
1.21e-5
1.2e-5
1.21e-5
1.21e-5
1.2e-5
1.21e-5
1.21e-5
1.21e-5
1.2e-5
1.2e-5
1.21e-5
1.24e-5
1.24e-5
1.22e-5
1.21e-5
1.21e-5
1.23e-5
1.2e-5
1.19e-5
1.23e-5
1.21e-5
1.21e-5
1.2e-5
1.24e-5
1.21e-5
1.2e-5
1.21e-5
1.22e-5
1.2e-5
1.2e-5
1.2e-5
1.2e-5
1.2e-5
1.19e-5
1.21e-5
2.55e-5
1.68e-5
1.21e-5
1.2e-5
1.21e-5
1.19e-5
1.19e-5
1.21e-5
1.2e-5
1.52e-5
1.52e-5
1.22e-5
1.21e-5
1.21e-5
1.21e-5
1.2e-5
1.2e-5
1.21e-5
1.19e-5
1.2e-5
1.27e-5
1.2e-5
1.21e-5
1.2e-5
1.29e-5
1.25e-5
1.21e-5
1.22e-5
1.21e-5
1.2e-5
1.21e-5
1.21e-5
1.21e-5
1.2e-5
1.22e-5
1.2e-5
1.21e-5
1.21e-5
1.21e-5
1.22e-5
1.21e-5
1.2e-5
1.21e-5
1.21e-5
1.21e-5
1.21e-5
1.21e-5
1.21e-5
1.22e-5
1.21e-5
1.21e-5
1.21e-5
1.26e-5
1.21e-5
1.2e-5
1.2e-5
1.21e-5
1.2e-5
1.2e-5
1.21e-5
1.21e-5
1.2e-5
1.21e-5
1.23e-5
1.21e-5
1.2e-5
1.21e-5
1.22e-5
1.21e-5
1.23e-5
1.23e-5
1.21e-5
1.21e-5
1.23e-5
1.22e-5
1.22e-5
1.21e-5
1.21e-5
1.21e-5
1.21e-5
2.51e-5
1.78e-5
1.58e-5
3.11e-5
1.6e-5
1.22e-5
1.2e-5
1.56e-5
1.56e-5
1.26e-5
1.2e-5
1.24e-5
1.21e-5
1.2e-5
1.21e-5
1.2e-5
1.2e-5
1.23e-5
1.2e-5
1.2e-5
1.21e-5
1.2e-5
1.26e-5
1.21e-5
1.2e-5
1.2e-5
1.2e-5
1.21e-5
1.21e-5
1.2e-5
1.19e-5
1.2e-5
1.19e-5
1.24e-5
1.21e-5
1.21e-5
1.26e-5
1.21e-5
1.2e-5
1.2e-5
1.21e-5
1.21e-5
1.2e-5
1.2e-5
1.21e-5
1.21e-5
1.21e-5
1.21e-5
1.2e-5
1.19e-5
1.21e-5
1.21e-5
1.21e-5
1.2e-5
1.2e-5
1.2e-5
1.2e-5
1.2e-5
1.2e-5
1.21e-5
1.21e-5
1.2e-5
1.24e-5
1.21e-5
1.2e-5
1.21e-5
1.21e-5
1.21e-5
1.23e-5
1.2e-5
1.2e-5
1.2e-5
1.2e-5
1.2e-5
1.2e-5
1.21e-5
1.2e-5
1.23e-5
2.51e-5
2.05e-5
1.36e-5
1.2e-5
1.19e-5
1.19e-5
1.21e-5
1.2e-5
1.19e-5
1.62e-5
1.39e-5
1.24e-5
1.2e-5
1.21e-5
1.2e-5
1.2e-5
1.2e-5
1.2e-5
1.19e-5
1.19e-5
1.19e-5
1.2e-5
1.27e-5
1.3e-5
1.24e-5
1.21e-5
1.2e-5
1.2e-5
1.2e-5
1.2e-5
1.19e-5
1.2e-5
1.2e-5
1.2e-5
1.21e-5
1.2e-5
1.2e-5
1.2e-5
1.2e-5
1.2e-5
1.2e-5
1.2e-5
1.2e-5
1.24e-5
1.22e-5
1.21e-5
1.2e-5
1.19e-5
1.2e-5
1.23e-5
1.2e-5
1.21e-5
1.21e-5
1.21e-5
1.24e-5
1.2e-5
1.2e-5
1.21e-5
1.2e-5
1.21e-5
1.24e-5
1.21e-5
1.21e-5
1.21e-5
1.2e-5
1.21e-5
1.2e-5
1.2e-5
1.21e-5
1.2e-5
1.2e-5
1.2e-5
1.21e-5
1.21e-5
1.21e-5
1.21e-5
1.23e-5
1.2e-5
1.2e-5
1.2e-5
2.5e-5
1.67e-5
1.22e-5
1.21e-5
1.21e-5
1.2e-5
1.27e-5
1.26e-5
1.2e-5
1.51e-5
1.59e-5
1.25e-5
1.22e-5
1.21e-5
1.21e-5
1.23e-5
1.2e-5
1.2e-5
1.21e-5
1.19e-5
1.2e-5
1.2e-5
1.23e-5
1.19e-5
1.2e-5
1.2e-5
1.2e-5
1.2e-5
1.19e-5
1.2e-5
1.2e-5
1.2e-5
1.2e-5
1.19e-5
1.2e-5
1.21e-5
1.19e-5
1.2e-5
1.24e-5
1.19e-5
1.19e-5
1.19e-5
1.19e-5
1.19e-5
1.19e-5
1.2e-5
1.19e-5
1.19e-5
1.22e-5
1.2e-5
1.2e-5
1.23e-5
1.2e-5
1.19e-5
1.2e-5
1.2e-5
1.21e-5
1.39e-5
1.35e-5
1.35e-5
1.19e-5
1.23e-5
1.2e-5
1.19e-5
1.19e-5
1.19e-5
1.19e-5
1.2e-5
1.2e-5
1.2e-5
1.25e-5
1.19e-5
1.2e-5
1.2e-5
1.2e-5
1.2e-5
1.2e-5
1.2e-5
1.2e-5
1.2e-5
2.47e-5
1.93e-5
1.62e-5
1.24e-5
1.22e-5
1.21e-5
1.2e-5
1.2e-5
1.25e-5
1.61e-5
1.31e-5
1.2e-5
1.21e-5
1.21e-5
1.22e-5
1.26e-5
1.21e-5
1.2e-5
1.38e-5
1.57e-5
1.3e-5
1.23e-5
1.3e-5
1.2e-5
1.2e-5
1.19e-5
1.21e-5
1.2e-5
1.21e-5
1.28e-5
1.53e-5
1.64e-5
1.29e-5
1.23e-5
1.23e-5
1.23e-5
1.22e-5
1.22e-5
1.22e-5
1.22e-5
1.21e-5
1.22e-5
1.21e-5
1.21e-5
1.21e-5
1.22e-5
1.2e-5
1.2e-5
1.22e-5
1.2e-5
1.2e-5
1.2e-5
1.2e-5
1.22e-5
1.28e-5
1.22e-5
1.21e-5
1.22e-5
1.2e-5
1.25e-5
1.22e-5
1.2e-5
1.21e-5
1.21e-5
1.21e-5
1.21e-5
1.21e-5
1.21e-5
1.21e-5
1.21e-5
1.23e-5
1.22e-5
1.22e-5
1.21e-5
1.23e-5
1.22e-5
1.22e-5
1.22e-5
2.53e-5
1.68e-5
1.21e-5
1.21e-5
1.2e-5
1.2e-5
1.2e-5
1.2e-5
1.27e-5
1.4e-5
1.64e-5
1.36e-5
1.22e-5
1.21e-5
1.21e-5
1.22e-5
1.2e-5
1.2e-5
1.2e-5
1.2e-5
1.2e-5
1.26e-5
1.2e-5
1.2e-5
1.21e-5
1.22e-5
1.2e-5
1.2e-5
1.2e-5
1.2e-5
1.2e-5
1.19e-5
1.21e-5
1.2e-5
1.21e-5
1.21e-5
1.21e-5
1.21e-5
1.21e-5
1.21e-5
1.26e-5
1.2e-5
1.21e-5
1.21e-5
1.21e-5
1.2e-5
1.2e-5
1.21e-5
1.21e-5
1.2e-5
1.2e-5
1.21e-5
1.21e-5
1.2e-5
1.21e-5
1.2e-5
1.25e-5
1.21e-5
1.21e-5
1.2e-5
1.2e-5
1.22e-5
1.21e-5
1.23e-5
1.2e-5
1.2e-5
1.2e-5
1.21e-5
1.22e-5
1.23e-5
1.21e-5
1.2e-5
1.25e-5
1.21e-5
1.21e-5
1.21e-5
1.21e-5
1.2e-5
1.21e-5
1.2e-5
2.49e-5
1.89e-5
1.51e-5
1.3e-5
1.2e-5
1.18e-5
1.2e-5
1.2e-5
1.19e-5
1.51e-5
1.47e-5
1.22e-5
1.21e-5
1.2e-5
1.22e-5
1.21e-5
1.21e-5
1.21e-5
1.2e-5
1.21e-5
1.26e-5
1.21e-5
1.21e-5
1.21e-5
1.27e-5
1.21e-5
1.21e-5
1.21e-5
1.21e-5
1.2e-5
1.21e-5
1.2e-5
1.21e-5
1.24e-5
1.21e-5
1.21e-5
1.22e-5
1.2e-5
1.21e-5
1.22e-5
1.23e-5
1.21e-5
1.2e-5
1.21e-5
1.21e-5
1.24e-5
1.21e-5
1.21e-5
1.21e-5
1.21e-5
1.21e-5
1.21e-5
1.2e-5
1.21e-5
1.2e-5
1.21e-5
1.26e-5
1.21e-5
1.21e-5
1.24e-5
1.2e-5
1.21e-5
1.2e-5
1.21e-5
1.2e-5
1.21e-5
1.2e-5
1.2e-5
1.2e-5
1.21e-5
1.23e-5
1.21e-5
1.21e-5
1.21e-5
1.21e-5
1.21e-5
1.2e-5
1.23e-5
1.22e-5
1.21e-5
2.51e-5
2.04e-5
1.57e-5
1.6e-5
1.3e-5
1.22e-5
1.21e-5
1.21e-5
1.52e-5
1.59e-5
1.27e-5
1.2e-5
1.19e-5
1.2e-5
1.21e-5
1.2e-5
1.2e-5
1.19e-5
1.19e-5
1.28e-5
1.21e-5
1.2e-5
1.22e-5
1.21e-5
1.21e-5
1.2e-5
1.19e-5
1.19e-5
1.2e-5
1.2e-5
1.2e-5
1.2e-5
1.2e-5
1.22e-5
1.2e-5
1.21e-5
3.27e-5
1.34e-5
1.22e-5
1.22e-5
1.3e-5
1.29e-5
1.22e-5
1.21e-5
1.21e-5
1.21e-5
1.21e-5
1.22e-5
1.21e-5
1.21e-5
1.2e-5
1.45e-5
1.64e-5
1.35e-5
1.22e-5
1.23e-5
1.24e-5
1.22e-5
1.25e-5
1.21e-5
1.21e-5
1.21e-5
1.21e-5
1.23e-5
1.21e-5
1.21e-5
1.2e-5
1.21e-5
1.21e-5
1.21e-5
1.2e-5
1.2e-5
1.25e-5
1.21e-5
1.21e-5
1.21e-5
2.28e-5
1.88e-5
1.22e-5
1.19e-5
1.2e-5
1.2e-5
1.2e-5
1.19e-5
1.19e-5
1.3e-5
1.62e-5
1.39e-5
1.22e-5
1.21e-5
1.2e-5
1.2e-5
1.2e-5
1.2e-5
1.2e-5
1.24e-5
1.2e-5
1.25e-5
1.21e-5
1.2e-5
1.2e-5
1.19e-5
1.2e-5
1.2e-5
1.28e-5
1.2e-5
1.2e-5
1.21e-5
1.21e-5
1.24e-5
1.21e-5
1.21e-5
1.45e-5
1.45e-5
1.23e-5
1.22e-5
1.21e-5
1.21e-5
1.21e-5
1.2e-5
1.21e-5
1.21e-5
1.2e-5
1.21e-5
1.21e-5
1.21e-5
1.2e-5
1.2e-5
1.21e-5
1.28e-5
1.21e-5
1.2e-5
1.21e-5
1.2e-5
1.21e-5
1.2e-5
1.25e-5
1.22e-5
1.21e-5
1.2e-5
1.21e-5
1.22e-5
1.21e-5
1.21e-5
1.46e-5
1.57e-5
3.71e-5
1.76e-5
3.1e-5
1.52e-5
1.22e-5
1.22e-5
1.23e-5
1.19e-5
1.19e-5
1.21e-5
1.21e-5
1.21e-5
1.19e-5
1.19e-5
1.19e-5
1.18e-5
1.48e-5
1.61e-5
1.27e-5
1.2e-5
1.2e-5
1.21e-5
1.29e-5
1.2e-5
1.19e-5
1.19e-5
1.19e-5
1.25e-5
1.19e-5
1.2e-5
1.23e-5
1.21e-5
1.2e-5
1.21e-5
1.5e-5
1.46e-5
1.5e-5
1.58e-5
1.25e-5
1.23e-5
1.23e-5
1.21e-5
1.21e-5
1.22e-5
1.21e-5
1.2e-5
1.21e-5
1.21e-5
1.22e-5
1.21e-5
1.22e-5
1.22e-5
1.21e-5
1.21e-5
1.27e-5
1.55e-5
1.62e-5
1.24e-5
1.21e-5
1.22e-5
1.22e-5
1.24e-5
1.21e-5
1.21e-5
1.22e-5
1.22e-5
1.22e-5
1.22e-5
1.2e-5
1.24e-5
1.21e-5
1.26e-5
1.22e-5
1.21e-5
1.23e-5
2.2e-5
2.1e-5
1.54e-5
1.27e-5
1.2e-5
1.19e-5
1.2e-5
1.19e-5
1.2e-5
1.19e-5
1.19e-5
1.28e-5
1.2e-5
1.19e-5
1.18e-5
1.2e-5
1.2e-5
1.2e-5
1.19e-5
1.64e-5
1.38e-5
1.21e-5
1.21e-5
1.22e-5
1.21e-5
1.21e-5
1.2e-5
1.21e-5
1.19e-5
1.2e-5
1.2e-5
1.19e-5
1.2e-5
1.2e-5
1.25e-5
1.21e-5
1.21e-5
1.21e-5
1.21e-5
1.21e-5
1.42e-5
1.61e-5
1.28e-5
1.31e-5
1.22e-5
1.22e-5
1.22e-5
1.21e-5
1.21e-5
1.21e-5
1.21e-5
1.21e-5
1.21e-5
1.21e-5
1.2e-5
1.2e-5
1.21e-5
1.21e-5
1.22e-5
1.21e-5
1.21e-5
1.21e-5
1.21e-5
1.21e-5
1.21e-5
1.21e-5
1.21e-5
1.21e-5
1.21e-5
1.21e-5
1.2e-5
1.63e-5
1.29e-5
1.26e-5
1.22e-5
1.28e-5
1.21e-5
1.21e-5
1.21e-5
2.46e-5
3.32e-5
1.52e-5
1.2e-5
1.21e-5
1.28e-5
1.21e-5
1.22e-5
1.2e-5
1.21e-5
1.22e-5
1.2e-5
1.2e-5
1.2e-5
1.2e-5
1.19e-5
1.2e-5
1.35e-5
1.61e-5
1.4e-5
1.22e-5
1.22e-5
1.21e-5
1.2e-5
1.22e-5
1.22e-5
1.21e-5
1.2e-5
1.29e-5
1.21e-5
1.21e-5
1.2e-5
1.22e-5
1.24e-5
1.21e-5
1.23e-5
1.21e-5
1.21e-5
1.22e-5
1.21e-5
1.23e-5
1.21e-5
1.21e-5
1.22e-5
1.21e-5
1.21e-5
1.2e-5
1.2e-5
1.2e-5
1.22e-5
1.21e-5
1.25e-5
1.21e-5
1.2e-5
1.21e-5
1.23e-5
1.21e-5
1.21e-5
1.21e-5
1.22e-5
1.24e-5
1.22e-5
1.21e-5
1.21e-5
1.2e-5
1.21e-5
1.22e-5
1.22e-5
1.21e-5
1.22e-5
1.46e-5
1.37e-5
1.36e-5
1.45e-5
1.22e-5
1.21e-5
1.22e-5
1.21e-5
2.53e-5
2.04e-5
1.29e-5
1.22e-5
1.21e-5
1.22e-5
1.21e-5
1.21e-5
1.19e-5
1.2e-5
1.2e-5
1.19e-5
1.21e-5
1.2e-5
1.28e-5
1.28e-5
1.21e-5
1.21e-5
1.44e-5
1.55e-5
1.25e-5
1.22e-5
1.21e-5
1.22e-5
1.21e-5
1.21e-5
1.23e-5
1.22e-5
1.61e-5
1.43e-5
1.24e-5
1.22e-5
1.22e-5
1.21e-5
1.26e-5
1.22e-5
1.24e-5
1.22e-5
1.23e-5
1.23e-5
1.22e-5
1.22e-5
1.22e-5
1.21e-5
1.21e-5
1.22e-5
1.28e-5
1.21e-5
1.22e-5
1.22e-5
1.22e-5
1.21e-5
1.26e-5
1.22e-5
1.21e-5
1.21e-5
1.22e-5
1.23e-5
1.22e-5
1.24e-5
1.23e-5
1.21e-5
1.23e-5
1.21e-5
1.22e-5
1.22e-5
1.23e-5
1.22e-5
1.23e-5
1.25e-5
1.46e-5
1.46e-5
1.24e-5
0.0001768
1.6e-5
1.22e-5
1.21e-5
1.21e-5
1.29e-5
1.21e-5
1.21e-5
1.24e-5
1.21e-5
1.21e-5
1.31e-5
1.64e-5
1.43e-5
1.22e-5
1.2e-5
1.21e-5
1.2e-5
1.21e-5
1.21e-5
1.21e-5
1.21e-5
1.22e-5
1.21e-5
1.22e-5
1.2e-5
1.21e-5
1.2e-5
1.2e-5
1.23e-5
1.29e-5
1.2e-5
1.2e-5
1.21e-5
1.21e-5
1.21e-5
1.22e-5
1.28e-5
1.21e-5
1.2e-5
1.23e-5
1.21e-5
1.21e-5
1.22e-5
1.2e-5
1.21e-5
1.2e-5
1.2e-5
1.2e-5
1.2e-5
1.2e-5
1.2e-5
1.21e-5
1.21e-5
1.2e-5
1.21e-5
1.2e-5
1.21e-5
1.21e-5
1.2e-5
1.2e-5
1.21e-5
1.2e-5
1.2e-5
1.45e-5
1.36e-5
1.28e-5
1.2e-5
1.2e-5
1.23e-5
1.19e-5
1.2e-5
2.56e-5
2.25e-5
1.88e-5
2.12e-5
1.23e-5
1.21e-5
1.2e-5
1.24e-5
1.21e-5
1.2e-5
1.2e-5
1.19e-5
1.21e-5
1.19e-5
1.2e-5
1.19e-5
1.19e-5
1.35e-5
1.6e-5
1.28e-5
1.22e-5
1.22e-5
1.21e-5
1.21e-5
1.22e-5
1.21e-5
1.22e-5
1.22e-5
1.21e-5
1.3e-5
1.22e-5
1.21e-5
1.21e-5
1.21e-5
1.22e-5
1.21e-5
1.21e-5
1.21e-5
1.21e-5
1.21e-5
1.21e-5
1.21e-5
1.2e-5
1.21e-5
1.22e-5
1.22e-5
1.31e-5
1.23e-5
1.22e-5
1.21e-5
1.22e-5
1.21e-5
1.22e-5
1.21e-5
1.21e-5
1.21e-5
1.22e-5
1.21e-5
1.21e-5
1.21e-5
1.21e-5
1.27e-5
1.22e-5
1.21e-5
1.21e-5
1.22e-5
1.24e-5
1.45e-5
1.21e-5
1.21e-5
1.22e-5
1.2e-5
1.21e-5
1.21e-5
1.22e-5
1.21e-5
1.2e-5
1.2e-5
2.28e-5
1.88e-5
1.2e-5
1.19e-5
1.2e-5
1.19e-5
1.19e-5
1.19e-5
1.24e-5
1.2e-5
1.19e-5
1.2e-5
1.22e-5
1.2e-5
1.19e-5
1.27e-5
1.2e-5
1.2e-5
1.19e-5
1.42e-5
1.64e-5
1.34e-5
1.22e-5
1.2e-5
1.22e-5
1.2e-5
1.21e-5
1.21e-5
1.19e-5
1.2e-5
1.21e-5
1.2e-5
1.2e-5
1.21e-5
1.2e-5
1.21e-5
1.21e-5
1.21e-5
1.2e-5
1.2e-5
1.21e-5
1.21e-5
1.2e-5
1.2e-5
1.2e-5
1.21e-5
1.2e-5
1.29e-5
1.21e-5
1.19e-5
1.2e-5
1.21e-5
1.2e-5
1.2e-5
1.21e-5
1.2e-5
1.23e-5
1.2e-5
1.2e-5
1.2e-5
1.2e-5
1.2e-5
1.19e-5
1.2e-5
1.2e-5
1.2e-5
1.2e-5
1.2e-5
1.2e-5
1.2e-5
1.2e-5
1.2e-5
1.2e-5
1.19e-5
1.19e-5
1.19e-5
1.19e-5
1.2e-5
1.2e-5
1.26e-5
1.2e-5
2.5e-5
1.68e-5
1.2e-5
1.19e-5
1.19e-5
1.19e-5
1.2e-5
1.2e-5
1.18e-5
1.19e-5
1.18e-5
1.19e-5
1.19e-5
1.18e-5
1.19e-5
1.2e-5
1.19e-5
1.2e-5
1.19e-5
1.69e-5
1.35e-5
1.21e-5
1.2e-5
1.21e-5
1.2e-5
1.19e-5
1.2e-5
1.2e-5
1.2e-5
1.2e-5
1.27e-5
1.21e-5
1.2e-5
1.2e-5
1.19e-5
1.2e-5
1.19e-5
1.21e-5
1.2e-5
1.2e-5
1.19e-5
1.2e-5
1.2e-5
1.19e-5
1.2e-5
1.24e-5
1.21e-5
1.19e-5
1.2e-5
1.2e-5
1.21e-5
1.21e-5
1.2e-5
1.2e-5
1.2e-5
1.2e-5
1.19e-5
1.19e-5
1.2e-5
1.21e-5
1.2e-5
1.2e-5
1.24e-5
1.24e-5
1.2e-5
1.19e-5
1.19e-5
1.19e-5
1.2e-5
1.2e-5
1.2e-5
1.2e-5
1.2e-5
1.19e-5
1.2e-5
1.2e-5
1.2e-5
1.19e-5
1.19e-5
1.19e-5
2.08e-5
2.45e-5
1.74e-5
1.49e-5
1.28e-5
1.22e-5
1.2e-5
1.19e-5
1.21e-5
1.19e-5
1.19e-5
1.2e-5
1.2e-5
1.19e-5
1.26e-5
1.2e-5
1.2e-5
1.19e-5
1.37e-5
1.63e-5
1.31e-5
1.21e-5
1.21e-5
1.21e-5
1.21e-5
1.23e-5
1.21e-5
1.24e-5
1.21e-5
1.22e-5
1.21e-5
1.21e-5
1.21e-5
1.21e-5
1.22e-5
1.22e-5
1.22e-5
1.21e-5
1.21e-5
1.21e-5
1.21e-5
1.21e-5
1.21e-5
1.2e-5
1.22e-5
1.21e-5
1.27e-5
1.21e-5
1.21e-5
1.21e-5
1.22e-5
1.22e-5
1.21e-5
1.21e-5
1.21e-5
1.21e-5
1.21e-5
1.2e-5
1.21e-5
1.22e-5
1.21e-5
1.2e-5
1.21e-5
1.22e-5
1.22e-5
1.21e-5
1.21e-5
1.21e-5
1.21e-5
1.2e-5
1.21e-5
1.4e-5
1.34e-5
1.47e-5
1.4e-5
1.29e-5
1.22e-5
1.23e-5
1.26e-5
2.53e-5
1.71e-5
2.31e-5
1.8e-5
1.28e-5
1.21e-5
1.2e-5
1.19e-5
1.19e-5
1.19e-5
1.21e-5
1.19e-5
1.2e-5
1.19e-5
1.19e-5
1.2e-5
1.2e-5
1.43e-5
1.58e-5
1.24e-5
1.19e-5
1.2e-5
1.2e-5
1.22e-5
1.18e-5
1.19e-5
1.19e-5
1.19e-5
1.19e-5
1.2e-5
1.19e-5
1.28e-5
1.21e-5
1.19e-5
1.2e-5
1.19e-5
1.22e-5
1.19e-5
1.2e-5
1.2e-5
1.2e-5
1.2e-5
1.21e-5
1.21e-5
1.45e-5
1.4e-5
1.23e-5
1.22e-5
1.21e-5
1.21e-5
1.22e-5
1.21e-5
1.21e-5
1.2e-5
1.21e-5
1.21e-5
1.21e-5
1.21e-5
1.22e-5
1.21e-5
1.21e-5
1.21e-5
1.21e-5
1.26e-5
1.21e-5
1.22e-5
1.2e-5
1.21e-5
1.21e-5
1.21e-5
1.4e-5
1.79e-5
3.83e-5
1.69e-5
1.21e-5
1.22e-5
1.19e-5
2.22e-5
1.24e-5
1.18e-5
1.26e-5
1.19e-5
1.18e-5
1.21e-5
1.2e-5
1.18e-5
1.18e-5
1.18e-5
1.19e-5
1.18e-5
1.18e-5
1.18e-5
1.18e-5
1.19e-5
1.19e-5
1.72e-5
1.48e-5
1.23e-5
2.53e-5
1.51e-5
1.2e-5
1.19e-5
1.19e-5
1.19e-5
1.2e-5
1.19e-5
1.19e-5
1.19e-5
1.19e-5
1.19e-5
1.19e-5
1.19e-5
1.19e-5
1.2e-5
1.2e-5
1.19e-5
1.2e-5
1.19e-5
1.19e-5
1.19e-5
1.2e-5
1.2e-5
1.25e-5
1.19e-5
1.21e-5
1.2e-5
1.19e-5
1.27e-5
1.2e-5
1.19e-5
1.19e-5
1.18e-5
1.19e-5
1.19e-5
1.19e-5
1.2e-5
1.19e-5
1.22e-5
1.19e-5
1.19e-5
1.19e-5
1.19e-5
1.19e-5
1.19e-5
1.19e-5
1.19e-5
1.19e-5
1.2e-5
1.19e-5
1.19e-5
2.46e-5
1.7e-5
1.51e-5
1.43e-5
1.21e-5
1.19e-5
1.19e-5
1.2e-5
1.19e-5
1.28e-5
1.18e-5
1.24e-5
1.21e-5
1.2e-5
1.19e-5
1.19e-5
1.2e-5
1.19e-5
1.24e-5
1.21e-5
1.2e-5
1.19e-5
1.19e-5
1.19e-5
1.59e-5
1.41e-5
1.22e-5
1.22e-5
1.2e-5
1.22e-5
1.21e-5
1.21e-5
1.2e-5
1.3e-5
1.59e-5
1.35e-5
1.22e-5
1.26e-5
1.22e-5
1.22e-5
1.22e-5
1.27e-5
1.22e-5
1.21e-5
1.21e-5
1.21e-5
1.21e-5
1.21e-5
1.21e-5
1.21e-5
1.22e-5
1.27e-5
1.22e-5
1.2e-5
1.21e-5
1.2e-5
1.21e-5
1.21e-5
1.2e-5
1.21e-5
1.22e-5
1.21e-5
1.23e-5
1.21e-5
1.21e-5
1.21e-5
1.22e-5
1.22e-5
1.22e-5
1.21e-5
1.21e-5
1.21e-5
1.22e-5
1.26e-5
1.21e-5
1.22e-5
1.22e-5
1.21e-5
1.21e-5
2.5e-5
1.69e-5
1.22e-5
1.19e-5
1.18e-5
1.19e-5
1.19e-5
1.2e-5
1.2e-5
1.19e-5
1.18e-5
1.24e-5
1.19e-5
1.19e-5
1.19e-5
1.19e-5
1.18e-5
1.19e-5
1.18e-5
1.19e-5
1.18e-5
1.19e-5
1.18e-5
1.19e-5
1.23e-5
1.63e-5
1.58e-5
1.27e-5
1.2e-5
1.2e-5
1.2e-5
1.2e-5
1.2e-5
1.2e-5
1.2e-5
1.21e-5
1.2e-5
1.2e-5
1.2e-5
1.2e-5
1.2e-5
1.2e-5
1.2e-5
1.2e-5
1.19e-5
1.2e-5
1.2e-5
1.21e-5
1.19e-5
1.2e-5
1.23e-5
1.2e-5
1.2e-5
1.2e-5
1.2e-5
1.2e-5
1.19e-5
1.2e-5
1.26e-5
1.19e-5
1.2e-5
1.2e-5
1.2e-5
1.19e-5
1.2e-5
1.2e-5
1.2e-5
1.2e-5
1.2e-5
1.2e-5
1.2e-5
1.22e-5
1.2e-5
1.2e-5
1.19e-5
1.2e-5
1.2e-5
1.23e-5
1.28e-5
1.37e-5
1.44e-5
2.71e-5
1.49e-5
1.2e-5
1.19e-5
1.18e-5
1.2e-5
1.49e-5
1.61e-5
1.29e-5
1.34e-5
1.21e-5
1.19e-5
1.2e-5
1.19e-5
1.2e-5
1.19e-5
1.2e-5
1.19e-5
1.34e-5
1.61e-5
1.36e-5
1.21e-5
1.31e-5
1.61e-5
1.27e-5
1.22e-5
1.21e-5
1.2e-5
1.2e-5
1.21e-5
1.21e-5
1.21e-5
1.21e-5
1.21e-5
1.25e-5
1.2e-5
1.2e-5
1.2e-5
1.21e-5
1.21e-5
1.2e-5
1.26e-5
1.2e-5
1.21e-5
1.21e-5
1.21e-5
1.21e-5
1.21e-5
1.23e-5
1.21e-5
1.21e-5
1.2e-5
1.2e-5
1.2e-5
1.2e-5
1.2e-5
1.21e-5
1.2e-5
1.21e-5
1.2e-5
1.2e-5
1.21e-5
1.21e-5
1.2e-5
1.2e-5
1.21e-5
1.21e-5
1.21e-5
1.21e-5
1.21e-5
1.21e-5
1.21e-5
1.21e-5
1.25e-5
1.21e-5
1.2e-5
1.2e-5
1.2e-5
1.22e-5
2.94e-5
1.29e-5
1.21e-5
1.2e-5
1.19e-5
1.19e-5
1.2e-5
1.2e-5
1.25e-5
1.2e-5
1.21e-5
1.2e-5
1.2e-5
1.22e-5
1.2e-5
1.2e-5
1.19e-5
1.18e-5
1.2e-5
1.19e-5
1.19e-5
1.19e-5
1.19e-5
1.19e-5
1.53e-5
1.57e-5
1.31e-5
1.22e-5
1.21e-5
1.2e-5
1.19e-5
1.2e-5
1.2e-5
1.2e-5
1.2e-5
1.19e-5
1.2e-5
1.2e-5
1.2e-5
1.19e-5
1.19e-5
1.2e-5
1.2e-5
1.25e-5
1.19e-5
1.2e-5
1.2e-5
1.2e-5
1.23e-5
1.2e-5
1.2e-5
1.2e-5
1.2e-5
1.2e-5
1.2e-5
1.2e-5
1.2e-5
1.2e-5
1.24e-5
1.2e-5
1.19e-5
1.2e-5
1.2e-5
1.19e-5
1.2e-5
1.2e-5
1.19e-5
1.2e-5
1.2e-5
1.2e-5
1.2e-5
1.19e-5
1.2e-5
1.2e-5
1.2e-5
1.19e-5
1.2e-5
1.2e-5
1.2e-5
1.2e-5
1.2e-5
2.71e-5
1.44e-5
2.03e-5
2.16e-5
1.67e-5
1.51e-5
1.33e-5
1.22e-5
1.2e-5
1.28e-5
1.2e-5
1.19e-5
1.21e-5
1.2e-5
1.2e-5
1.2e-5
1.19e-5
1.19e-5
1.21e-5
1.19e-5
1.19e-5
1.36e-5
1.51e-5
1.23e-5
1.21e-5
1.21e-5
1.2e-5
1.2e-5
1.2e-5
1.2e-5
1.21e-5
1.21e-5
1.22e-5
1.2e-5
1.19e-5
1.19e-5
1.2e-5
1.2e-5
1.2e-5
1.21e-5
1.2e-5
1.28e-5
1.21e-5
1.21e-5
1.2e-5
1.23e-5
1.21e-5
1.2e-5
2.9e-5
1.72e-5
1.27e-5
1.21e-5
1.21e-5
1.21e-5
1.21e-5
1.2e-5
1.2e-5
1.2e-5
1.2e-5
1.19e-5
1.2e-5
1.2e-5
1.2e-5
1.2e-5
1.21e-5
1.2e-5
1.2e-5
1.2e-5
1.2e-5
1.2e-5
1.2e-5
1.2e-5
1.2e-5
1.29e-5
1.22e-5
1.21e-5
2.62e-5
1.5e-5
1.2e-5
1.2e-5
1.19e-5
1.19e-5
1.19e-5
1.19e-5
1.19e-5
1.26e-5
1.2e-5
1.2e-5
1.19e-5
1.2e-5
1.19e-5
1.18e-5
1.19e-5
1.19e-5
1.23e-5
1.19e-5
1.2e-5
1.2e-5
1.19e-5
1.19e-5
1.41e-5
1.64e-5
1.29e-5
1.21e-5
1.29e-5
1.68e-5
1.49e-5
1.23e-5
1.2e-5
1.21e-5
1.2e-5
1.2e-5
1.2e-5
1.2e-5
1.19e-5
1.2e-5
1.2e-5
1.2e-5
1.19e-5
1.2e-5
1.2e-5
1.2e-5
1.2e-5
1.2e-5
1.23e-5
1.22e-5
1.23e-5
1.21e-5
1.2e-5
1.19e-5
1.19e-5
1.2e-5
1.2e-5
1.2e-5
1.2e-5
1.2e-5
1.2e-5
1.27e-5
1.22e-5
1.19e-5
1.2e-5
1.21e-5
1.2e-5
1.2e-5
1.19e-5
1.2e-5
1.19e-5
1.21e-5
1.2e-5
1.21e-5
1.19e-5
1.19e-5
1.2e-5
1.21e-5
1.2e-5
1.19e-5
2.61e-5
1.72e-5
3.51e-5
2.07e-5
1.68e-5
1.61e-5
1.28e-5
1.28e-5
1.23e-5
1.22e-5
1.44e-5
1.52e-5
1.54e-5
1.69e-5
1.26e-5
1.22e-5
1.2e-5
1.21e-5
1.21e-5
1.41e-5
1.54e-5
1.24e-5
1.23e-5
1.22e-5
1.23e-5
1.21e-5
1.28e-5
1.22e-5
1.22e-5
1.21e-5
1.21e-5
1.22e-5
1.21e-5
1.21e-5
1.21e-5
1.21e-5
1.21e-5
1.21e-5
1.22e-5
1.22e-5
1.21e-5
1.21e-5
1.21e-5
1.21e-5
1.21e-5
1.26e-5
1.22e-5
1.25e-5
1.22e-5
1.22e-5
1.22e-5
1.21e-5
1.22e-5
1.22e-5
1.22e-5
1.21e-5
1.22e-5
1.21e-5
1.22e-5
1.21e-5
1.21e-5
1.21e-5
1.22e-5
1.21e-5
1.22e-5
1.21e-5
1.22e-5
1.21e-5
1.22e-5
1.22e-5
1.24e-5
1.22e-5
1.21e-5
1.21e-5
1.21e-5
2.66e-5
6.95e-5
4.1e-5
1.31e-5
1.24e-5
1.23e-5
1.22e-5
1.23e-5
1.21e-5
1.21e-5
1.2e-5
1.54e-5
1.22e-5
1.22e-5
1.22e-5
1.22e-5
1.21e-5
1.21e-5
1.2e-5
1.21e-5
1.21e-5
1.2e-5
1.2e-5
1.2e-5
1.2e-5
1.2e-5
1.2e-5
1.2e-5
1.2e-5
1.2e-5
1.2e-5
1.2e-5
1.2e-5
1.2e-5
1.24e-5
1.21e-5
1.21e-5
1.21e-5
1.22e-5
1.31e-5
1.21e-5
1.21e-5
1.21e-5
1.21e-5
1.21e-5
1.21e-5
1.21e-5
1.2e-5
1.2e-5
1.2e-5
1.24e-5
1.21e-5
1.21e-5
1.2e-5
1.21e-5
1.21e-5
1.21e-5
1.21e-5
1.21e-5
1.2e-5
1.21e-5
1.21e-5
1.22e-5
1.21e-5
1.2e-5
1.2e-5
1.25e-5
1.2e-5
1.2e-5
1.2e-5
1.21e-5
1.21e-5
1.21e-5
6.07e-5
2.89e-5
1.65e-5
1.59e-5
1.53e-5
1.54e-5
1.54e-5
1.51e-5
1.51e-5
1.51e-5
1.7e-5
1.52e-5
1.51e-5
1.52e-5
1.52e-5
1.51e-5
1.51e-5
1.57e-5
1.52e-5
1.51e-5
1.51e-5
1.51e-5
1.5e-5
1.51e-5
1.52e-5
1.64e-5
1.51e-5
1.51e-5
1.5e-5
1.5e-5
1.51e-5
1.51e-5
1.51e-5
1.51e-5
1.51e-5
1.51e-5
1.5e-5
1.5e-5
1.5e-5
1.5e-5
1.5e-5
1.5e-5
1.51e-5
1.52e-5
1.51e-5
1.52e-5
1.52e-5
1.51e-5
1.51e-5
1.51e-5
1.5e-5
1.51e-5
1.51e-5
1.5e-5
1.58e-5
1.55e-5
1.53e-5
1.57e-5
1.46e-5
1.3e-5
1.36e-5
1.45e-5
3.33e-5
2.75e-5
1.55e-5
1.22e-5
8.44e-5
1.26e-5
1.2e-5
1.19e-5
1.2e-5
1.2e-5
1.2e-5
1.2e-5
1.2e-5
1.18e-5
1.2e-5
1.19e-5
1.39e-5
1.63e-5
1.29e-5
1.22e-5
1.21e-5
1.21e-5
1.21e-5
1.2e-5
1.21e-5
1.22e-5
1.21e-5
1.22e-5
1.2e-5
1.2e-5
1.2e-5
1.21e-5
1.2e-5
1.2e-5
1.23e-5
1.24e-5
1.23e-5
1.21e-5
1.21e-5
1.21e-5
1.21e-5
1.22e-5
1.21e-5
1.21e-5
1.2e-5
1.21e-5
1.2e-5
1.21e-5
1.21e-5
1.21e-5
1.21e-5
1.21e-5
1.22e-5
1.21e-5
1.2e-5
1.21e-5
1.2e-5
1.21e-5
1.21e-5
1.21e-5
1.24e-5
1.21e-5
1.22e-5
1.22e-5
1.21e-5
1.21e-5
1.21e-5
1.2e-5
2.59e-5
1.93e-5
2.52e-5
1.69e-5
1.99e-5
1.94e-5
1.24e-5
1.2e-5
1.22e-5
1.19e-5
1.19e-5
1.2e-5
1.23e-5
1.2e-5
1.19e-5
1.2e-5
1.2e-5
1.24e-5
1.19e-5
1.21e-5
1.2e-5
1.21e-5
1.21e-5
1.21e-5
1.2e-5
1.42e-5
1.56e-5
1.24e-5
1.21e-5
1.21e-5
1.21e-5
1.21e-5
1.21e-5
1.19e-5
1.21e-5
1.2e-5
1.2e-5
1.19e-5
1.2e-5
1.2e-5
1.2e-5
1.2e-5
1.21e-5
1.2e-5
1.24e-5
1.21e-5
1.21e-5
1.2e-5
1.2e-5
1.22e-5
1.2e-5
1.21e-5
1.21e-5
1.22e-5
1.21e-5
1.21e-5
1.23e-5
1.21e-5
1.21e-5
1.21e-5
1.24e-5
1.21e-5
1.21e-5
1.23e-5
1.21e-5
1.21e-5
1.21e-5
1.2e-5
1.21e-5
1.2e-5
1.2e-5
1.21e-5
1.21e-5
1.25e-5
1.36e-5
1.29e-5
1.2e-5
1.19e-5
1.2e-5
1.2e-5
1.2e-5
2.54e-5
1.7e-5
1.53e-5
1.65e-5
1.31e-5
1.21e-5
1.19e-5
1.2e-5
1.22e-5
1.2e-5
1.19e-5
1.2e-5
1.19e-5
1.19e-5
1.18e-5
1.19e-5
1.25e-5
1.18e-5
1.19e-5
1.25e-5
1.2e-5
1.21e-5
1.19e-5
1.29e-5
1.58e-5
1.61e-5
1.44e-5
1.22e-5
1.2e-5
1.2e-5
1.21e-5
1.2e-5
1.21e-5
1.2e-5
1.22e-5
1.2e-5
1.21e-5
1.21e-5
1.24e-5
1.21e-5
1.2e-5
1.21e-5
1.27e-5
1.2e-5
1.19e-5
1.2e-5
1.2e-5
1.2e-5
1.26e-5
1.2e-5
1.21e-5
1.2e-5
1.21e-5
1.2e-5
1.23e-5
1.21e-5
1.21e-5
1.2e-5
1.2e-5
1.21e-5
1.22e-5
1.21e-5
1.2e-5
1.22e-5
1.21e-5
1.21e-5
1.21e-5
1.21e-5
1.2e-5
1.2e-5
1.2e-5
1.2e-5
1.24e-5
1.45e-5
1.21e-5
1.19e-5
1.19e-5
1.2e-5
1.19e-5
2.53e-5
1.71e-5
1.25e-5
1.19e-5
1.19e-5
1.17e-5
1.18e-5
1.18e-5
1.18e-5
1.18e-5
1.18e-5
1.18e-5
1.21e-5
1.16e-5
1.17e-5
1.17e-5
1.17e-5
1.18e-5
1.19e-5
1.19e-5
1.19e-5
1.18e-5
1.18e-5
1.18e-5
1.23e-5
1.61e-5
1.35e-5
1.21e-5
1.23e-5
1.18e-5
1.19e-5
1.18e-5
1.19e-5
1.23e-5
1.19e-5
1.2e-5
1.19e-5
1.18e-5
1.19e-5
1.18e-5
1.19e-5
1.19e-5
1.22e-5
1.19e-5
1.19e-5
1.19e-5
1.18e-5
1.19e-5
1.19e-5
1.19e-5
1.18e-5
1.19e-5
1.19e-5
1.19e-5
1.19e-5
1.18e-5
1.19e-5
1.19e-5
1.2e-5
1.19e-5
1.19e-5
1.2e-5
1.19e-5
1.2e-5
1.19e-5
1.21e-5
1.2e-5
3.27e-5
1.7e-5
1.21e-5
1.19e-5
1.18e-5
1.48e-5
1.35e-5
1.28e-5
1.2e-5
1.2e-5
1.2e-5
1.2e-5
2.63e-5
2.23e-5
2.22e-5
1.53e-5
1.24e-5
1.19e-5
1.18e-5
1.19e-5
1.18e-5
1.19e-5
1.19e-5
1.19e-5
1.19e-5
1.19e-5
1.19e-5
1.21e-5
1.19e-5
1.19e-5
1.24e-5
1.18e-5
1.18e-5
1.18e-5
1.23e-5
1.61e-5
1.45e-5
1.21e-5
1.19e-5
1.21e-5
1.19e-5
1.18e-5
1.19e-5
1.19e-5
1.18e-5
1.18e-5
1.18e-5
1.18e-5
1.18e-5
1.27e-5
1.19e-5
1.18e-5
1.19e-5
1.21e-5
1.19e-5
1.19e-5
1.19e-5
1.19e-5
1.2e-5
1.2e-5
1.19e-5
1.18e-5
1.24e-5
1.19e-5
1.19e-5
1.18e-5
1.19e-5
1.19e-5
1.19e-5
1.19e-5
1.2e-5
3.15e-5
1.69e-5
1.21e-5
1.19e-5
1.19e-5
1.2e-5
1.18e-5
1.19e-5
1.23e-5
1.18e-5
1.18e-5
1.2e-5
1.19e-5
1.19e-5
1.18e-5
1.28e-5
1.37e-5
1.38e-5
2.73e-5
1.68e-5
1.21e-5
1.2e-5
1.27e-5
1.26e-5
1.19e-5
1.19e-5
1.19e-5
1.19e-5
1.19e-5
1.2e-5
1.19e-5
1.2e-5
1.19e-5
1.19e-5
1.19e-5
1.19e-5
1.19e-5
1.19e-5
1.19e-5
1.2e-5
1.19e-5
1.19e-5
1.41e-5
1.56e-5
1.24e-5
1.2e-5
1.2e-5
1.23e-5
1.2e-5
1.22e-5
1.19e-5
1.19e-5
1.19e-5
1.18e-5
1.19e-5
1.24e-5
1.2e-5
1.2e-5
1.2e-5
1.2e-5
1.23e-5
1.24e-5
1.19e-5
1.19e-5
1.19e-5
1.19e-5
1.23e-5
1.2e-5
1.2e-5
1.19e-5
1.19e-5
1.2e-5
1.19e-5
1.18e-5
1.19e-5
1.18e-5
1.19e-5
1.2e-5
1.2e-5
1.2e-5
1.2e-5
1.2e-5
1.2e-5
1.19e-5
1.19e-5
1.19e-5
1.19e-5
1.22e-5
1.19e-5
1.19e-5
1.21e-5
1.19e-5
1.19e-5
2.34e-5
1.65e-5
1.19e-5
1.2e-5
1.19e-5
2.62e-5
1.51e-5
1.28e-5
1.21e-5
1.19e-5
1.19e-5
1.2e-5
1.19e-5
1.2e-5
1.2e-5
1.2e-5
1.19e-5
1.22e-5
1.2e-5
1.2e-5
1.19e-5
1.19e-5
1.2e-5
1.2e-5
1.18e-5
1.19e-5
1.25e-5
1.19e-5
1.2e-5
1.56e-5
1.56e-5
1.23e-5
1.2e-5
1.2e-5
1.18e-5
1.19e-5
1.19e-5
1.18e-5
1.18e-5
1.19e-5
1.19e-5
1.19e-5
1.2e-5
1.19e-5
1.19e-5
1.18e-5
1.19e-5
1.23e-5
1.19e-5
1.19e-5
1.19e-5
1.18e-5
1.18e-5
1.18e-5
1.19e-5
1.19e-5
1.19e-5
1.19e-5
1.24e-5
1.19e-5
1.18e-5
1.22e-5
1.19e-5
1.19e-5
1.18e-5
1.18e-5
1.19e-5
1.18e-5
1.22e-5
1.19e-5
1.18e-5
1.19e-5
1.2e-5
1.2e-5
1.2e-5
1.19e-5
1.19e-5
1.2e-5
1.19e-5
1.2e-5
1.19e-5
1.19e-5
1.19e-5
1.19e-5
1.19e-5
1.2e-5
2.5e-5
1.95e-5
2.13e-5
2.55e-5
1.61e-5
1.22e-5
1.18e-5
1.19e-5
1.18e-5
1.19e-5
1.19e-5
1.19e-5
1.2e-5
1.2e-5
1.2e-5
1.21e-5
1.2e-5
1.2e-5
1.2e-5
1.25e-5
1.2e-5
1.33e-5
1.61e-5
1.29e-5
1.22e-5
1.21e-5
1.21e-5
1.21e-5
1.21e-5
1.21e-5
1.21e-5
1.49e-5
1.52e-5
1.24e-5
1.22e-5
1.23e-5
1.27e-5
1.21e-5
1.21e-5
1.25e-5
1.22e-5
1.21e-5
1.24e-5
1.22e-5
1.22e-5
1.21e-5
1.2e-5
1.21e-5
1.21e-5
1.2e-5
1.21e-5
1.21e-5
1.21e-5
1.21e-5
1.21e-5
1.21e-5
1.2e-5
1.22e-5
1.21e-5
1.21e-5
1.21e-5
1.2e-5
1.21e-5
1.25e-5
1.2e-5
1.21e-5
1.21e-5
1.2e-5
1.24e-5
1.2e-5
1.2e-5
1.21e-5
1.21e-5
1.2e-5
1.48e-5
1.37e-5
1.36e-5
2.96e-5
1.92e-5
2.07e-5
1.72e-5
1.23e-5
1.21e-5
1.22e-5
1.2e-5
1.21e-5
1.2e-5
1.2e-5
1.19e-5
1.23e-5
1.19e-5
1.2e-5
1.2e-5
1.21e-5
1.2e-5
1.2e-5
1.2e-5
1.2e-5
1.21e-5
1.58e-5
1.61e-5
1.29e-5
1.21e-5
1.22e-5
1.21e-5
1.21e-5
1.21e-5
1.28e-5
1.42e-5
1.63e-5
1.45e-5
1.23e-5
1.2e-5
1.2e-5
1.22e-5
1.21e-5
1.2e-5
1.19e-5
1.25e-5
1.23e-5
1.2e-5
1.2e-5
1.21e-5
1.23e-5
1.19e-5
1.2e-5
1.21e-5
1.2e-5
1.19e-5
1.2e-5
1.2e-5
1.19e-5
1.24e-5
1.19e-5
1.19e-5
1.21e-5
1.2e-5
1.2e-5
1.2e-5
1.19e-5
1.2e-5
1.2e-5
1.2e-5
1.2e-5
1.2e-5
1.19e-5
1.2e-5
1.19e-5
1.19e-5
1.19e-5
1.22e-5
1.24e-5
1.21e-5
1.24e-5
2.5e-5
1.7e-5
1.21e-5
1.26e-5
1.22e-5
1.21e-5
1.19e-5
1.19e-5
1.19e-5
1.2e-5
1.26e-5
1.2e-5
1.2e-5
1.2e-5
1.2e-5
1.22e-5
1.2e-5
1.18e-5
1.2e-5
1.2e-5
1.18e-5
1.19e-5
1.2e-5
1.2e-5
1.35e-5
1.63e-5
1.29e-5
1.21e-5
1.2e-5
1.19e-5
1.23e-5
1.21e-5
1.21e-5
1.2e-5
1.19e-5
1.2e-5
1.2e-5
1.2e-5
1.2e-5
1.19e-5
1.21e-5
1.24e-5
1.26e-5
1.23e-5
1.21e-5
1.19e-5
1.2e-5
1.2e-5
1.21e-5
1.21e-5
1.2e-5
1.4e-5
1.46e-5
1.24e-5
1.24e-5
1.19e-5
1.21e-5
1.21e-5
1.21e-5
1.21e-5
1.21e-5
1.21e-5
1.21e-5
1.2e-5
1.2e-5
1.21e-5
1.21e-5
1.2e-5
1.19e-5
1.2e-5
1.42e-5
1.55e-5
2.99e-5
3.41e-5
1.84e-5
1.23e-5
1.2e-5
1.2e-5
1.2e-5
1.21e-5
1.21e-5
1.19e-5
1.27e-5
1.99e-5
1.23e-5
1.26e-5
1.21e-5
1.21e-5
1.22e-5
1.22e-5
1.21e-5
1.21e-5
1.2e-5
1.2e-5
1.21e-5
1.21e-5
1.21e-5
1.21e-5
1.21e-5
1.21e-5
1.2e-5
1.54e-5
1.57e-5
1.27e-5
1.2e-5
1.21e-5
1.27e-5
1.21e-5
1.2e-5
1.21e-5
1.2e-5
1.21e-5
1.2e-5
1.2e-5
1.19e-5
1.2e-5
1.21e-5
1.2e-5
1.21e-5
1.24e-5
1.21e-5
1.24e-5
1.22e-5
1.2e-5
1.2e-5
1.21e-5
1.24e-5
1.21e-5
1.2e-5
1.24e-5
1.23e-5
1.2e-5
1.2e-5
1.2e-5
1.2e-5
1.19e-5
1.2e-5
1.2e-5
1.28e-5
1.19e-5
1.2e-5
1.21e-5
1.2e-5
1.21e-5
1.2e-5
1.2e-5
1.21e-5
1.21e-5
1.21e-5
3.37e-5
1.53e-5
1.22e-5
1.2e-5
1.22e-5
1.2e-5
1.21e-5
1.19e-5
1.19e-5
1.2e-5
1.2e-5
1.19e-5
1.25e-5
1.2e-5
1.19e-5
1.19e-5
1.19e-5
1.19e-5
1.2e-5
1.19e-5
1.22e-5
1.27e-5
1.19e-5
1.2e-5
1.23e-5
1.19e-5
1.19e-5
1.19e-5
1.19e-5
1.19e-5
1.2e-5
1.32e-5
1.64e-5
1.27e-5
1.21e-5
1.21e-5
1.22e-5
1.21e-5
1.21e-5
1.2e-5
1.21e-5
1.2e-5
1.21e-5
1.2e-5
1.22e-5
1.21e-5
1.21e-5
1.21e-5
1.2e-5
1.19e-5
1.2e-5
1.25e-5
1.21e-5
1.36e-5
1.61e-5
1.48e-5
1.24e-5
1.21e-5
1.21e-5
1.2e-5
1.21e-5
1.21e-5
1.2e-5
1.2e-5
1.2e-5
1.2e-5
1.2e-5
1.19e-5
1.24e-5
1.21e-5
1.21e-5
1.23e-5
1.21e-5
1.21e-5
1.2e-5
1.2e-5
1.2e-5
1.2e-5
1.21e-5
1.2e-5
2.66e-5
1.76e-5
4.17e-5
2.0e-5
1.25e-5
1.29e-5
1.22e-5
1.24e-5
1.22e-5
1.21e-5
1.28e-5
1.21e-5
1.21e-5
1.2e-5
1.21e-5
1.2e-5
1.2e-5
1.19e-5
1.2e-5
1.21e-5
1.21e-5
1.2e-5
1.21e-5
1.21e-5
1.2e-5
1.2e-5
1.2e-5
1.24e-5
1.63e-5
1.48e-5
1.23e-5
1.21e-5
1.28e-5
1.22e-5
1.22e-5
1.22e-5
1.21e-5
1.27e-5
1.21e-5
1.22e-5
1.22e-5
1.21e-5
1.22e-5
1.22e-5
1.22e-5
1.21e-5
1.21e-5
1.21e-5
1.21e-5
1.23e-5
1.26e-5
1.22e-5
1.21e-5
1.22e-5
1.22e-5
1.22e-5
1.21e-5
1.21e-5
1.21e-5
1.21e-5
1.21e-5
1.21e-5
1.21e-5
1.21e-5
1.24e-5
1.22e-5
1.21e-5
1.25e-5
1.21e-5
1.27e-5
1.22e-5
1.21e-5
1.21e-5
1.22e-5
1.22e-5
1.21e-5
2.55e-5
1.7e-5
1.23e-5
1.24e-5
1.45e-5
1.2e-5
1.19e-5
1.2e-5
1.19e-5
1.2e-5
1.19e-5
1.21e-5
1.2e-5
1.24e-5
1.2e-5
1.2e-5
1.2e-5
1.2e-5
1.19e-5
1.19e-5
1.19e-5
1.19e-5
1.19e-5
1.19e-5
1.19e-5
1.29e-5
1.22e-5
1.19e-5
1.19e-5
1.44e-5
1.44e-5
1.57e-5
1.44e-5
1.22e-5
1.21e-5
1.21e-5
1.21e-5
1.21e-5
1.21e-5
1.21e-5
1.2e-5
1.21e-5
1.22e-5
1.2e-5
1.26e-5
1.21e-5
1.21e-5
1.2e-5
1.21e-5
1.2e-5
1.2e-5
1.2e-5
1.2e-5
1.21e-5
1.2e-5
1.21e-5
1.21e-5
1.28e-5
1.21e-5
1.21e-5
1.21e-5
1.23e-5
1.21e-5
1.21e-5
1.21e-5
1.2e-5
1.21e-5
1.21e-5
1.21e-5
1.21e-5
1.24e-5
1.2e-5
1.2e-5
1.21e-5
1.2e-5
1.19e-5
1.5e-5
1.45e-5
1.52e-5
3.19e-5
1.87e-5
1.6e-5
1.37e-5
1.22e-5
1.22e-5
1.23e-5
1.22e-5
1.24e-5
1.27e-5
1.29e-5
1.21e-5
1.21e-5
1.24e-5
1.22e-5
1.21e-5
1.21e-5
1.21e-5
1.62e-5
1.58e-5
1.27e-5
1.22e-5
1.21e-5
1.22e-5
1.22e-5
1.22e-5
1.22e-5
1.21e-5
1.21e-5
1.42e-5
1.59e-5
1.25e-5
1.23e-5
1.22e-5
1.21e-5
1.21e-5
1.21e-5
1.22e-5
1.21e-5
1.22e-5
1.21e-5
1.21e-5
1.28e-5
1.22e-5
1.21e-5
1.21e-5
1.21e-5
1.21e-5
1.21e-5
1.21e-5
1.21e-5
1.21e-5
1.26e-5
1.26e-5
1.23e-5
1.22e-5
1.21e-5
1.21e-5
1.22e-5
1.21e-5
1.21e-5
1.21e-5
1.21e-5
1.22e-5
1.23e-5
1.22e-5
1.21e-5
1.22e-5
1.22e-5
1.22e-5
1.22e-5
1.22e-5
1.23e-5
1.22e-5
1.29e-5
1.21e-5
1.22e-5
2.38e-5
2.12e-5
1.56e-5
1.42e-5
1.24e-5
1.22e-5
1.21e-5
1.2e-5
1.2e-5
1.19e-5
1.2e-5
1.19e-5
1.53e-5
1.56e-5
1.61e-5
1.26e-5
1.22e-5
1.21e-5
1.22e-5
1.21e-5
1.23e-5
1.21e-5
1.23e-5
1.22e-5
1.22e-5
1.21e-5
1.22e-5
1.21e-5
1.21e-5
1.28e-5
1.44e-5
1.49e-5
1.24e-5
1.21e-5
1.21e-5
1.21e-5
1.21e-5
1.21e-5
1.21e-5
1.21e-5
1.55e-5
1.34e-5
1.22e-5
1.22e-5
1.25e-5
1.22e-5
1.21e-5
1.21e-5
1.21e-5
1.2e-5
1.2e-5
1.21e-5
1.2e-5
1.21e-5
1.26e-5
1.21e-5
1.21e-5
1.21e-5
1.21e-5
1.22e-5
1.21e-5
1.27e-5
1.22e-5
1.22e-5
1.25e-5
1.22e-5
1.22e-5
1.21e-5
1.24e-5
1.21e-5
1.21e-5
1.21e-5
1.21e-5
1.22e-5
1.21e-5
1.21e-5
2.96e-5
2.94e-5
2.1e-5
2.35e-5
2.06e-5
1.24e-5
1.22e-5
1.23e-5
1.2e-5
1.21e-5
1.22e-5
1.25e-5
1.21e-5
1.21e-5
1.2e-5
1.2e-5
1.2e-5
1.36e-5
1.2e-5
1.21e-5
1.21e-5
1.22e-5
1.2e-5
1.2e-5
1.21e-5
1.21e-5
1.2e-5
1.2e-5
1.2e-5
1.2e-5
1.52e-5
1.61e-5
1.31e-5
1.24e-5
1.22e-5
1.21e-5
1.21e-5
1.23e-5
1.22e-5
1.22e-5
1.21e-5
1.21e-5
1.22e-5
1.22e-5
1.23e-5
1.22e-5
1.21e-5
1.21e-5
1.21e-5
1.27e-5
1.22e-5
1.21e-5
1.21e-5
1.22e-5
1.22e-5
1.22e-5
1.22e-5
1.25e-5
1.21e-5
1.21e-5
1.22e-5
1.22e-5
1.22e-5
1.22e-5
1.22e-5
1.22e-5
1.22e-5
1.22e-5
1.22e-5
1.21e-5
1.22e-5
1.22e-5
1.21e-5
1.22e-5
1.22e-5
1.21e-5
1.26e-5
1.22e-5
2.52e-5
5.3e-5
2.84e-5
1.73e-5
1.62e-5
1.61e-5
1.27e-5
1.51e-5
1.97e-5
1.71e-5
1.23e-5
1.21e-5
1.21e-5
1.2e-5
1.21e-5
1.21e-5
1.2e-5
1.19e-5
1.37e-5
1.21e-5
1.21e-5
1.2e-5
1.21e-5
1.2e-5
1.21e-5
1.2e-5
1.19e-5
1.21e-5
1.2e-5
1.2e-5
1.2e-5
1.2e-5
1.2e-5
1.19e-5
1.2e-5
1.28e-5
1.2e-5
1.2e-5
1.2e-5
1.2e-5
1.2e-5
1.19e-5
1.23e-5
1.21e-5
1.2e-5
1.2e-5
1.2e-5
1.21e-5
1.21e-5
1.21e-5
1.2e-5
1.2e-5
1.2e-5
1.21e-5
1.2e-5
1.24e-5
1.21e-5
1.27e-5
1.21e-5
3.34e-5
1.69e-5
1.23e-5
1.21e-5
1.2e-5
1.2e-5
1.21e-5
1.2e-5
1.3e-5
1.2e-5
1.2e-5
1.2e-5
1.2e-5
8.3e-5
2.27e-5
1.24e-5
1.22e-5
1.21e-5
1.2e-5
1.19e-5
1.2e-5
1.19e-5
1.2e-5
1.19e-5
1.19e-5
1.2e-5
1.19e-5
1.3e-5
1.2e-5
1.19e-5
1.19e-5
1.19e-5
1.19e-5
1.19e-5
1.19e-5
1.19e-5
1.19e-5
1.19e-5
1.22e-5
1.47e-5
1.74e-5
1.27e-5
1.21e-5
1.21e-5
1.22e-5
1.21e-5
1.21e-5
1.21e-5
1.2e-5
1.21e-5
1.21e-5
1.21e-5
1.21e-5
1.21e-5
1.21e-5
1.21e-5
1.19e-5
1.2e-5
1.2e-5
1.2e-5
1.2e-5
1.2e-5
1.2e-5
1.2e-5
1.2e-5
1.21e-5
1.2e-5
1.2e-5
1.2e-5
1.21e-5
1.2e-5
0.0001799
1.3e-5
1.21e-5
2.65e-5
4.34e-5
1.91e-5
1.79e-5
1.45e-5
1.23e-5
1.3e-5
2.03e-5
1.87e-5
1.75e-5
1.69e-5
1.56e-5
1.62e-5
1.56e-5
1.29e-5
1.21e-5
1.21e-5
1.2e-5
1.21e-5
1.21e-5
1.21e-5
1.21e-5
1.21e-5
1.2e-5
1.21e-5
1.21e-5
1.21e-5
1.21e-5
1.2e-5
1.2e-5
1.3e-5
1.21e-5
1.2e-5
1.2e-5
1.2e-5
1.2e-5
1.2e-5
1.2e-5
1.2e-5
1.2e-5
1.2e-5
1.28e-5
1.23e-5
1.21e-5
1.21e-5
1.2e-5
1.2e-5
1.19e-5
1.2e-5
1.19e-5
1.2e-5
1.19e-5
1.2e-5
1.2e-5
1.2e-5
1.19e-5
1.2e-5
1.19e-5
1.2e-5
1.2e-5
1.2e-5
1.2e-5
1.26e-5
1.2e-5
1.2e-5
1.2e-5
1.3e-5
1.5e-5
1.53e-5
1.73e-5
1.52e-5
1.49e-5
2.86e-5
2.33e-5
1.62e-5
1.71e-5
1.7e-5
1.56e-5
1.54e-5
1.53e-5
1.61e-5
1.56e-5
7.74e-5
1.84e-5
1.66e-5
1.75e-5
1.75e-5
1.69e-5
1.64e-5
1.61e-5
1.59e-5
1.58e-5
1.57e-5
3.6e-5
1.78e-5
1.23e-5
1.21e-5
1.21e-5
1.21e-5
1.21e-5
1.19e-5
1.21e-5
1.2e-5
1.21e-5
1.21e-5
1.21e-5
1.2e-5
1.21e-5
1.19e-5
1.2e-5
1.19e-5
1.2e-5
1.19e-5
1.21e-5
1.2e-5
1.2e-5
1.2e-5
1.21e-5
1.2e-5
1.2e-5
1.19e-5
1.25e-5
1.2e-5
1.2e-5
2.21e-5
1.78e-5
1.22e-5
1.23e-5
1.2e-5
1.28e-5
1.2e-5
1.2e-5
1.19e-5
1.2e-5
1.21e-5
1.2e-5
1.19e-5
2.69e-5
1.65e-5
2.23e-5
1.35e-5
1.2e-5
1.19e-5
1.19e-5
1.19e-5
1.19e-5
1.21e-5
1.21e-5
1.21e-5
1.21e-5
1.19e-5
1.19e-5
1.2e-5
1.19e-5
1.18e-5
1.19e-5
1.19e-5
1.2e-5
1.21e-5
1.2e-5
1.26e-5
1.2e-5
1.19e-5
1.23e-5
1.2e-5
1.21e-5
1.19e-5
1.2e-5
1.2e-5
1.2e-5
1.2e-5
1.21e-5
1.21e-5
1.25e-5
1.2e-5
1.19e-5
1.21e-5
1.2e-5
1.19e-5
1.19e-5
1.19e-5
1.19e-5
1.19e-5
1.2e-5
1.21e-5
1.2e-5
1.2e-5
1.2e-5
1.2e-5
1.2e-5
1.22e-5
1.2e-5
1.2e-5
1.2e-5
1.2e-5
1.21e-5
1.21e-5
1.2e-5
1.2e-5
1.2e-5
1.23e-5
1.2e-5
1.21e-5
1.21e-5
1.21e-5
1.21e-5
1.19e-5
1.19e-5
1.19e-5
1.2e-5
1.2e-5
1.2e-5
1.2e-5
1.2e-5
1.2e-5
1.2e-5
1.2e-5
2.66e-5
2.11e-5
2.45e-5
1.64e-5
1.22e-5
1.23e-5
1.21e-5
1.19e-5
1.19e-5
1.21e-5
1.21e-5
1.2e-5
1.2e-5
1.2e-5
1.2e-5
1.2e-5
1.2e-5
1.19e-5
1.19e-5
1.19e-5
1.19e-5
1.19e-5
1.27e-5
1.2e-5
1.19e-5
1.19e-5
1.18e-5
1.19e-5
1.19e-5
1.19e-5
1.18e-5
1.19e-5
1.18e-5
1.19e-5
1.24e-5
1.2e-5
1.19e-5
1.18e-5
1.19e-5
1.2e-5
1.2e-5
1.19e-5
1.19e-5
1.19e-5
1.24e-5
1.19e-5
1.19e-5
1.19e-5
1.19e-5
1.19e-5
1.19e-5
1.19e-5
1.18e-5
1.18e-5
1.19e-5
1.19e-5
1.19e-5
1.19e-5
1.19e-5
1.19e-5
1.19e-5
1.21e-5
1.19e-5
1.19e-5
1.19e-5
1.19e-5
1.22e-5
1.19e-5
1.18e-5
1.19e-5
1.19e-5
1.19e-5
1.19e-5
1.19e-5
1.19e-5
1.19e-5
1.19e-5
1.19e-5
1.19e-5
1.19e-5
2.55e-5
1.68e-5
1.29e-5
1.38e-5
1.43e-5
1.19e-5
1.19e-5
1.2e-5
1.26e-5
1.22e-5
1.2e-5
1.2e-5
1.19e-5
1.19e-5
1.2e-5
1.19e-5
1.19e-5
1.2e-5
1.26e-5
1.19e-5
1.19e-5
1.22e-5
1.19e-5
1.19e-5
1.2e-5
1.2e-5
1.19e-5
1.19e-5
1.19e-5
1.19e-5
1.19e-5
1.19e-5
1.19e-5
1.19e-5
1.2e-5
1.2e-5
1.19e-5
1.19e-5
1.2e-5
1.19e-5
1.23e-5
1.19e-5
1.2e-5
1.2e-5
1.2e-5
1.2e-5
1.2e-5
1.19e-5
1.19e-5
1.19e-5
1.23e-5
1.19e-5
1.23e-5
1.19e-5
1.19e-5
1.2e-5
1.2e-5
1.19e-5
1.19e-5
1.19e-5
1.21e-5
1.19e-5
1.18e-5
1.19e-5
1.19e-5
1.2e-5
1.19e-5
1.2e-5
1.2e-5
1.19e-5
1.19e-5
1.2e-5
1.19e-5
1.19e-5
1.19e-5
1.18e-5
1.19e-5
1.2e-5
1.19e-5
1.19e-5
1.19e-5
2.51e-5
2.6e-5
2.17e-5
1.48e-5
1.41e-5
1.25e-5
1.21e-5
1.2e-5
1.21e-5
1.2e-5
1.2e-5
1.21e-5
1.2e-5
1.2e-5
1.2e-5
1.26e-5
1.2e-5
1.2e-5
1.23e-5
1.21e-5
1.21e-5
1.2e-5
1.19e-5
1.2e-5
1.2e-5
1.19e-5
1.2e-5
1.2e-5
1.2e-5
1.2e-5
1.2e-5
1.21e-5
1.2e-5
1.25e-5
1.2e-5
1.2e-5
1.2e-5
1.21e-5
1.21e-5
1.2e-5
1.2e-5
1.2e-5
1.2e-5
1.2e-5
1.2e-5
1.21e-5
1.21e-5
1.2e-5
1.2e-5
1.2e-5
1.2e-5
1.2e-5
1.2e-5
1.2e-5
1.2e-5
1.2e-5
1.2e-5
1.21e-5
1.21e-5
1.23e-5
1.19e-5
1.2e-5
1.2e-5
1.19e-5
1.2e-5
1.24e-5
1.2e-5
1.2e-5
1.2e-5
1.2e-5
1.2e-5
1.19e-5
1.2e-5
1.2e-5
1.19e-5
1.2e-5
1.19e-5
1.19e-5
1.19e-5
2.31e-5
2.26e-5
1.61e-5
1.35e-5
1.22e-5
1.22e-5
1.25e-5
1.2e-5
1.21e-5
1.21e-5
1.21e-5
1.21e-5
1.21e-5
1.2e-5
1.2e-5
1.2e-5
1.2e-5
1.21e-5
1.34e-5
1.21e-5
1.21e-5
1.22e-5
1.22e-5
1.2e-5
1.23e-5
1.21e-5
1.2e-5
1.2e-5
1.21e-5
1.21e-5
1.2e-5
1.21e-5
1.2e-5
1.2e-5
1.2e-5
1.2e-5
1.2e-5
1.2e-5
1.2e-5
1.21e-5
1.21e-5
1.2e-5
1.2e-5
1.2e-5
1.21e-5
1.21e-5
1.2e-5
1.2e-5
1.21e-5
1.21e-5
1.25e-5
1.2e-5
1.2e-5
1.21e-5
1.2e-5
1.2e-5
1.21e-5
1.23e-5
1.21e-5
1.2e-5
1.2e-5
1.2e-5
1.2e-5
1.2e-5
1.2e-5
1.21e-5
1.21e-5
1.2e-5
1.25e-5
1.21e-5
1.2e-5
1.21e-5
1.21e-5
1.21e-5
1.2e-5
1.2e-5
1.2e-5
1.2e-5
1.2e-5
1.2e-5
2.48e-5
1.7e-5
1.29e-5
1.2e-5
1.21e-5
1.21e-5
1.2e-5
1.19e-5
1.19e-5
1.19e-5
2.12e-5
1.86e-5
1.23e-5
1.2e-5
1.19e-5
1.19e-5
1.19e-5
1.25e-5
1.21e-5
1.19e-5
1.19e-5
1.18e-5
1.19e-5
1.19e-5
1.19e-5
1.18e-5
1.18e-5
1.19e-5
1.19e-5
1.18e-5
1.19e-5
1.19e-5
1.22e-5
1.19e-5
1.28e-5
1.19e-5
1.19e-5
1.19e-5
1.2e-5
1.19e-5
1.19e-5
1.2e-5
1.19e-5
1.18e-5
1.19e-5
1.19e-5
1.18e-5
1.19e-5
1.2e-5
1.2e-5
1.2e-5
1.19e-5
1.18e-5
1.19e-5
1.2e-5
1.19e-5
1.21e-5
1.19e-5
1.19e-5
1.2e-5
1.19e-5
1.18e-5
1.19e-5
1.19e-5
1.18e-5
1.19e-5
1.24e-5
1.19e-5
1.19e-5
1.19e-5
1.19e-5
1.19e-5
1.2e-5
1.2e-5
1.19e-5
1.2e-5
1.24e-5
1.21e-5
1.2e-5
1.19e-5
2.28e-5
1.97e-5
1.57e-5
3.2e-5
1.54e-5
1.24e-5
1.22e-5
1.21e-5
1.22e-5
1.19e-5
1.21e-5
1.21e-5
1.21e-5
1.2e-5
1.21e-5
1.2e-5
1.21e-5
1.2e-5
1.28e-5
1.2e-5
1.22e-5
1.21e-5
1.21e-5
1.22e-5
1.21e-5
1.21e-5
1.21e-5
1.21e-5
1.21e-5
1.22e-5
1.2e-5
1.2e-5
1.22e-5
1.21e-5
1.2e-5
1.2e-5
1.21e-5
1.21e-5
1.21e-5
1.2e-5
1.23e-5
1.21e-5
1.21e-5
1.21e-5
1.2e-5
1.2e-5
1.2e-5
1.2e-5
1.2e-5
1.2e-5
1.25e-5
1.2e-5
1.21e-5
1.21e-5
1.21e-5
1.23e-5
1.21e-5
1.2e-5
1.21e-5
1.21e-5
1.2e-5
1.2e-5
1.2e-5
1.2e-5
1.21e-5
1.21e-5
1.21e-5
1.21e-5
1.2e-5
1.21e-5
1.21e-5
1.21e-5
1.21e-5
1.2e-5
1.2e-5
1.2e-5
1.21e-5
1.21e-5
1.21e-5
2.56e-5
1.87e-5
1.8e-5
2.43e-5
1.5e-5
1.3e-5
1.2e-5
1.2e-5
1.2e-5
1.21e-5
1.21e-5
1.2e-5
1.2e-5
1.2e-5
1.21e-5
1.25e-5
1.21e-5
1.19e-5
1.21e-5
1.21e-5
1.21e-5
1.2e-5
1.19e-5
1.2e-5
1.2e-5
1.2e-5
1.2e-5
1.2e-5
1.2e-5
1.2e-5
1.2e-5
1.19e-5
1.2e-5
1.21e-5
1.2e-5
1.26e-5
1.21e-5
1.2e-5
1.2e-5
1.2e-5
1.21e-5
1.21e-5
1.21e-5
1.2e-5
1.2e-5
1.21e-5
1.2e-5
1.2e-5
1.2e-5
1.23e-5
1.2e-5
1.21e-5
1.2e-5
1.2e-5
1.2e-5
1.21e-5
1.21e-5
1.2e-5
1.21e-5
1.21e-5
1.21e-5
1.2e-5
1.19e-5
1.2e-5
1.2e-5
1.19e-5
1.19e-5
1.24e-5
1.2e-5
1.2e-5
1.19e-5
1.2e-5
1.2e-5
1.2e-5
1.2e-5
1.2e-5
1.2e-5
1.2e-5
1.19e-5
2.59e-5
1.68e-5
1.27e-5
1.39e-5
1.44e-5
1.19e-5
1.19e-5
1.19e-5
1.19e-5
1.19e-5
1.19e-5
1.19e-5
1.19e-5
1.19e-5
1.25e-5
1.22e-5
1.19e-5
1.19e-5
1.2e-5
1.2e-5
1.28e-5
1.19e-5
1.2e-5
1.2e-5
1.19e-5
1.19e-5
1.2e-5
1.2e-5
1.2e-5
1.2e-5
1.2e-5
1.19e-5
1.2e-5
1.2e-5
1.2e-5
1.19e-5
1.21e-5
1.19e-5
1.19e-5
1.18e-5
1.2e-5
1.2e-5
1.23e-5
1.19e-5
1.2e-5
1.18e-5
1.2e-5
1.19e-5
1.2e-5
1.2e-5
1.19e-5
3.32e-5
3.36e-5
1.74e-5
1.27e-5
1.22e-5
1.21e-5
1.19e-5
1.22e-5
1.2e-5
1.2e-5
1.2e-5
1.19e-5
1.19e-5
1.21e-5
1.2e-5
1.2e-5
1.2e-5
1.19e-5
1.19e-5
1.19e-5
1.19e-5
1.19e-5
1.2e-5
1.19e-5
1.19e-5
1.2e-5
1.2e-5
1.2e-5
1.19e-5
1.21e-5
1.44e-5
1.34e-5
1.31e-5
1.26e-5
1.19e-5
1.19e-5
1.2e-5
1.19e-5
1.19e-5
1.19e-5
2.0e-5
1.22e-5
1.2e-5
1.25e-5
1.2e-5
1.19e-5
1.21e-5
1.19e-5
1.2e-5
1.21e-5
1.2e-5
1.23e-5
1.2e-5
1.2e-5
1.2e-5
1.2e-5
1.2e-5
1.19e-5
1.19e-5
1.2e-5
1.2e-5
1.2e-5
1.19e-5
1.19e-5
1.19e-5
1.24e-5
1.2e-5
1.19e-5
1.19e-5
1.19e-5
1.19e-5
1.2e-5
1.21e-5
1.21e-5
1.21e-5
1.2e-5
1.2e-5
1.2e-5
1.2e-5
1.2e-5
2.51e-5
2.38e-5
4.14e-5
1.56e-5
1.22e-5
1.21e-5
1.25e-5
1.2e-5
1.2e-5
1.2e-5
1.19e-5
1.19e-5
1.19e-5
1.2e-5
1.21e-5
1.26e-5
1.21e-5
1.29e-5
1.21e-5
1.21e-5
1.21e-5
1.2e-5
1.2e-5
1.2e-5
1.2e-5
1.2e-5
1.23e-5
1.45e-5
1.35e-5
1.31e-5
1.2e-5
1.2e-5
1.2e-5
1.2e-5
1.2e-5
1.2e-5
1.2e-5
1.21e-5
1.22e-5
1.21e-5
1.22e-5
1.23e-5
1.2e-5
1.2e-5
1.2e-5
1.2e-5
1.2e-5
1.2e-5
1.19e-5
1.25e-5
1.23e-5
1.21e-5
1.21e-5
1.21e-5
1.21e-5
1.2e-5
1.2e-5
1.2e-5
1.21e-5
1.25e-5
2.39e-5
1.69e-5
1.21e-5
1.2e-5
1.24e-5
1.21e-5
1.21e-5
1.2e-5
1.19e-5
1.19e-5
1.2e-5
1.19e-5
1.2e-5
1.19e-5
1.2e-5
1.2e-5
1.21e-5
2.76e-5
1.89e-5
2.17e-5
1.53e-5
1.39e-5
1.22e-5
1.23e-5
1.2e-5
1.2e-5
1.2e-5
1.2e-5
1.21e-5
1.2e-5
1.19e-5
1.21e-5
1.21e-5
1.2e-5
1.19e-5
1.2e-5
1.19e-5
1.2e-5
1.19e-5
1.19e-5
1.2e-5
1.2e-5
1.2e-5
1.26e-5
1.31e-5
1.35e-5
1.44e-5
1.2e-5
1.2e-5
1.2e-5
1.2e-5
1.2e-5
1.2e-5
1.24e-5
1.21e-5
1.21e-5
1.2e-5
1.2e-5
1.2e-5
1.2e-5
1.25e-5
1.21e-5
1.2e-5
1.2e-5
1.2e-5
1.2e-5
1.2e-5
1.19e-5
1.2e-5
1.23e-5
1.21e-5
1.21e-5
1.2e-5
1.21e-5
1.21e-5
1.21e-5
1.21e-5
1.21e-5
1.2e-5
1.19e-5
1.2e-5
1.21e-5
1.21e-5
1.2e-5
1.21e-5
1.24e-5
1.2e-5
1.24e-5
1.2e-5
1.21e-5
1.2e-5
1.19e-5
1.19e-5
1.2e-5
1.2e-5
1.2e-5
2.87e-5
2.39e-5
2.11e-5
1.65e-5
1.58e-5
1.7e-5
1.62e-5
1.55e-5
1.25e-5
1.22e-5
1.23e-5
1.53e-5
1.3e-5
1.24e-5
1.22e-5
1.22e-5
1.21e-5
1.74e-5
1.83e-5
1.23e-5
1.25e-5
1.67e-5
1.25e-5
1.27e-5
1.4e-5
1.45e-5
1.21e-5
1.19e-5
1.21e-5
1.21e-5
1.2e-5
1.2e-5
1.21e-5
1.2e-5
1.2e-5
1.28e-5
1.25e-5
1.21e-5
1.2e-5
1.21e-5
1.21e-5
1.22e-5
1.22e-5
1.24e-5
1.21e-5
1.21e-5
1.2e-5
1.21e-5
1.21e-5
1.22e-5
1.2e-5
1.2e-5
1.21e-5
1.3e-5
1.21e-5
1.2e-5
1.2e-5
1.2e-5
1.21e-5
1.21e-5
1.21e-5
1.2e-5
1.21e-5
1.19e-5
1.2e-5
1.2e-5
1.2e-5
1.21e-5
1.2e-5
1.21e-5
1.21e-5
1.2e-5
1.2e-5
1.21e-5
1.22e-5
2.78e-5
1.52e-5
1.22e-5
1.2e-5
1.27e-5
1.21e-5
1.21e-5
1.22e-5
1.21e-5
1.2e-5
1.29e-5
1.2e-5
1.21e-5
1.2e-5
1.2e-5
1.2e-5
1.2e-5
1.21e-5
1.2e-5
1.2e-5
1.2e-5
1.19e-5
1.2e-5
1.2e-5
1.2e-5
1.21e-5
1.2e-5
1.2e-5
1.2e-5
1.23e-5
1.35e-5
1.28e-5
1.2e-5
1.2e-5
1.19e-5
1.18e-5
1.18e-5
1.19e-5
1.2e-5
1.19e-5
1.2e-5
1.19e-5
1.23e-5
1.19e-5
1.19e-5
1.19e-5
1.21e-5
1.19e-5
1.22e-5
1.21e-5
1.2e-5
1.19e-5
1.18e-5
1.19e-5
1.19e-5
1.19e-5
1.2e-5
1.19e-5
1.19e-5
1.2e-5
1.19e-5
1.19e-5
1.19e-5
1.2e-5
1.2e-5
1.19e-5
1.2e-5
1.2e-5
1.19e-5
1.18e-5
1.19e-5
1.2e-5
1.19e-5
1.19e-5
1.22e-5
1.19e-5
1.19e-5
1.19e-5
1.19e-5
1.2e-5
1.2e-5
2.71e-5
2.01e-5
1.61e-5
1.35e-5
1.21e-5
1.27e-5
1.21e-5
1.21e-5
1.21e-5
1.2e-5
1.2e-5
1.24e-5
1.2e-5
1.2e-5
1.19e-5
1.19e-5
1.2e-5
1.19e-5
1.19e-5
1.19e-5
1.2e-5
1.19e-5
1.2e-5
1.2e-5
1.2e-5
1.27e-5
1.2e-5
1.2e-5
1.21e-5
1.2e-5
1.2e-5
1.18e-5
1.2e-5
1.2e-5
1.2e-5
1.21e-5
1.2e-5
1.2e-5
1.2e-5
1.19e-5
1.2e-5
1.19e-5
1.2e-5
1.2e-5
1.23e-5
1.2e-5
1.19e-5
1.19e-5
1.2e-5
1.2e-5
1.2e-5
1.2e-5
1.2e-5
1.2e-5
1.19e-5
1.25e-5
1.2e-5
1.24e-5
1.2e-5
1.23e-5
1.2e-5
1.2e-5
1.2e-5
1.19e-5
1.2e-5
1.2e-5
1.21e-5
1.2e-5
1.2e-5
1.21e-5
1.2e-5
1.19e-5
1.21e-5
1.2e-5
1.21e-5
1.2e-5
1.2e-5
1.21e-5
1.2e-5
1.2e-5
2.47e-5
1.7e-5
1.21e-5
1.25e-5
1.21e-5
1.2e-5
1.19e-5
1.19e-5
1.19e-5
1.27e-5
1.19e-5
1.19e-5
1.19e-5
1.2e-5
1.19e-5
1.21e-5
1.2e-5
1.19e-5
1.2e-5
1.26e-5
1.21e-5
1.19e-5
1.18e-5
1.2e-5
1.19e-5
1.2e-5
1.19e-5
1.22e-5
1.2e-5
1.21e-5
1.21e-5
1.2e-5
1.19e-5
1.19e-5
1.19e-5
1.18e-5
1.18e-5
1.19e-5
1.19e-5
1.96e-5
2.2e-5
1.41e-5
1.21e-5
1.28e-5
1.22e-5
1.21e-5
1.21e-5
1.21e-5
1.21e-5
1.2e-5
1.21e-5
1.21e-5
1.2e-5
1.21e-5
1.2e-5
1.21e-5
1.21e-5
1.21e-5
1.2e-5
1.2e-5
1.21e-5
1.2e-5
1.2e-5
1.26e-5
1.22e-5
1.22e-5
1.21e-5
1.2e-5
1.21e-5
1.21e-5
1.21e-5
1.21e-5
1.2e-5
1.25e-5
1.21e-5
1.21e-5
1.2e-5
1.22e-5
1.21e-5
2.58e-5
2.42e-5
1.78e-5
1.29e-5
1.22e-5
2.99e-5
1.7e-5
1.22e-5
1.21e-5
1.21e-5
1.2e-5
1.2e-5
1.2e-5
1.19e-5
1.2e-5
1.2e-5
1.19e-5
1.19e-5
1.19e-5
1.2e-5
1.2e-5
1.22e-5
1.2e-5
1.22e-5
1.2e-5
1.2e-5
1.27e-5
1.2e-5
1.31e-5
1.21e-5
1.21e-5
1.21e-5
1.2e-5
1.2e-5
1.2e-5
1.2e-5
1.19e-5
1.2e-5
1.19e-5
1.21e-5
1.2e-5
1.2e-5
1.3e-5
1.2e-5
1.2e-5
1.2e-5
1.23e-5
1.21e-5
1.21e-5
1.2e-5
1.2e-5
1.2e-5
1.2e-5
1.2e-5
1.2e-5
1.21e-5
1.21e-5
1.2e-5
1.24e-5
1.2e-5
1.21e-5
1.2e-5
1.19e-5
1.2e-5
1.19e-5
1.2e-5
1.2e-5
1.2e-5
1.2e-5
1.2e-5
1.2e-5
1.21e-5
1.24e-5
1.21e-5
1.21e-5
1.22e-5
1.21e-5
1.2e-5
2.45e-5
7.68e-5
3.98e-5
1.32e-5
1.56e-5
1.23e-5
1.24e-5
1.22e-5
1.21e-5
1.2e-5
1.2e-5
1.2e-5
1.46e-5
1.19e-5
1.2e-5
1.19e-5
1.23e-5
1.21e-5
1.2e-5
1.19e-5
1.19e-5
1.2e-5
1.2e-5
1.19e-5
1.2e-5
1.2e-5
1.45e-5
1.36e-5
1.36e-5
1.41e-5
1.2e-5
1.2e-5
1.2e-5
1.21e-5
1.2e-5
1.2e-5
1.2e-5
1.2e-5
1.3e-5
1.21e-5
1.21e-5
1.2e-5
1.21e-5
1.23e-5
1.27e-5
1.21e-5
1.21e-5
1.21e-5
1.2e-5
1.21e-5
1.21e-5
1.21e-5
1.22e-5
1.21e-5
1.21e-5
1.21e-5
1.19e-5
1.2e-5
1.21e-5
1.23e-5
1.21e-5
1.21e-5
1.22e-5
1.23e-5
1.21e-5
1.22e-5
1.21e-5
1.21e-5
1.21e-5
1.21e-5
1.2e-5
1.22e-5
6.49e-5
2.81e-5
1.36e-5
1.29e-5
1.4e-5
1.21e-5
1.22e-5
1.22e-5
1.21e-5
1.2e-5
1.46e-5
1.21e-5
1.2e-5
1.21e-5
1.21e-5
1.2e-5
1.2e-5
1.2e-5
1.2e-5
1.2e-5
1.2e-5
1.19e-5
1.2e-5
1.19e-5
1.2e-5
1.2e-5
1.2e-5
1.2e-5
1.19e-5
1.2e-5
1.2e-5
1.2e-5
1.21e-5
1.21e-5
1.21e-5
1.2e-5
1.26e-5
1.21e-5
1.21e-5
1.21e-5
1.2e-5
1.2e-5
1.2e-5
1.21e-5
1.2e-5
1.21e-5
1.2e-5
1.21e-5
1.2e-5
1.2e-5
1.23e-5
1.22e-5
1.21e-5
1.21e-5
1.24e-5
1.2e-5
1.22e-5
1.21e-5
1.2e-5
1.2e-5
1.2e-5
1.21e-5
1.21e-5
1.2e-5
1.2e-5
1.21e-5
1.22e-5
1.2e-5
1.27e-5
1.21e-5
1.21e-5
1.21e-5
1.21e-5
1.21e-5
1.21e-5
1.21e-5
1.21e-5
1.24e-5
1.21e-5
1.21e-5
1.21e-5
1.23e-5
1.2e-5
1.2e-5
1.2e-5
1.2e-5
1.22e-5
1.2e-5
1.21e-5
1.26e-5
1.21e-5
1.21e-5
3.45e-5
2.83e-5
2.96e-5
1.74e-5
1.24e-5
1.23e-5
1.34e-5
1.22e-5
1.31e-5
1.21e-5
1.21e-5
1.21e-5
1.2e-5
1.2e-5
1.2e-5
1.19e-5
1.19e-5
1.21e-5
1.21e-5
1.22e-5
0.0001595
1.29e-5
1.22e-5
1.22e-5
1.23e-5
1.22e-5
1.23e-5
1.21e-5
1.21e-5
1.22e-5
1.26e-5
1.21e-5
1.21e-5
1.21e-5
1.21e-5
1.21e-5
1.21e-5
1.22e-5
1.21e-5
1.21e-5
1.23e-5
1.21e-5
1.21e-5
1.22e-5
1.21e-5
1.21e-5
1.22e-5
1.23e-5
1.21e-5
1.22e-5
1.24e-5
1.21e-5
1.22e-5
1.23e-5
1.22e-5
1.21e-5
1.22e-5
1.21e-5
1.21e-5
1.22e-5
1.2e-5
1.21e-5
1.21e-5
3.3e-5
2.0e-5
1.24e-5
1.22e-5
1.21e-5
1.22e-5
1.21e-5
1.21e-5
1.19e-5
1.21e-5
1.22e-5
1.21e-5
1.21e-5
1.29e-5
1.22e-5
1.22e-5
1.21e-5
1.21e-5
1.23e-5
1.21e-5
1.24e-5
1.21e-5
1.2e-5
1.2e-5
1.2e-5
1.2e-5
1.21e-5
1.23e-5
1.19e-5
1.2e-5
1.21e-5
1.27e-5
1.22e-5
1.21e-5
1.21e-5
1.2e-5
1.21e-5
1.21e-5
1.21e-5
1.21e-5
1.22e-5
1.23e-5
1.21e-5
1.21e-5
1.21e-5
1.2e-5
1.21e-5
1.21e-5
1.2e-5
1.21e-5
1.21e-5
1.21e-5
1.24e-5
1.23e-5
1.22e-5
1.2e-5
1.19e-5
1.2e-5
1.21e-5
1.21e-5
1.21e-5
1.21e-5
1.21e-5
1.2e-5
1.2e-5
1.21e-5
1.22e-5
1.22e-5
1.21e-5
1.21e-5
1.22e-5
1.22e-5
1.2e-5
1.21e-5
1.22e-5
1.25e-5
1.21e-5
1.22e-5
1.22e-5
1.22e-5
1.21e-5
0.0001015
3.25e-5
1.31e-5
1.26e-5
1.24e-5
1.26e-5
1.23e-5
1.23e-5
1.24e-5
1.22e-5
1.21e-5
1.23e-5
1.25e-5
1.22e-5
1.23e-5
1.22e-5
1.22e-5
1.22e-5
1.22e-5
1.22e-5
1.22e-5
1.22e-5
1.21e-5
1.22e-5
1.22e-5
1.21e-5
1.21e-5
1.21e-5
1.21e-5
1.22e-5
1.21e-5
1.24e-5
1.22e-5
1.21e-5
1.23e-5
1.22e-5
1.21e-5
1.21e-5
1.25e-5
1.22e-5
1.22e-5
1.21e-5
1.2e-5
1.23e-5
1.23e-5
1.21e-5
1.23e-5
1.26e-5
1.23e-5
1.23e-5
1.28e-5
1.25e-5
1.21e-5
1.22e-5
1.25e-5
1.23e-5
1.22e-5
1.24e-5
1.21e-5
1.22e-5
1.22e-5
1.21e-5
1.22e-5
1.21e-5
1.24e-5
1.22e-5
1.21e-5
1.21e-5
1.22e-5
1.21e-5
1.22e-5
1.25e-5
5.05e-5
1.64e-5
1.32e-5
1.26e-5
1.27e-5
1.23e-5
1.27e-5
1.21e-5
1.21e-5
1.21e-5
1.4e-5
1.23e-5
1.22e-5
1.22e-5
1.22e-5
1.22e-5
1.22e-5
1.25e-5
1.23e-5
1.21e-5
1.21e-5
1.21e-5
1.22e-5
1.21e-5
1.21e-5
1.2e-5
1.22e-5
1.22e-5
1.21e-5
1.21e-5
1.22e-5
1.21e-5
1.22e-5
1.21e-5
1.24e-5
1.21e-5
1.21e-5
1.21e-5
1.22e-5
1.22e-5
1.23e-5
1.32e-5
1.21e-5
1.21e-5
1.22e-5
1.2e-5
1.21e-5
1.21e-5
1.24e-5
1.21e-5
1.2e-5
1.21e-5
1.21e-5
1.21e-5
1.28e-5
1.24e-5
1.22e-5
1.24e-5
1.22e-5
1.22e-5
1.21e-5
1.21e-5
1.21e-5
1.21e-5
1.21e-5
1.21e-5
1.21e-5
1.21e-5
1.2e-5
1.21e-5
1.2e-5
1.2e-5
1.21e-5
1.24e-5
1.21e-5
1.21e-5
1.2e-5
3.22e-5
2.18e-5
1.27e-5
1.23e-5
1.21e-5
1.21e-5
1.21e-5
1.2e-5
1.23e-5
1.4e-5
1.23e-5
1.19e-5
1.2e-5
1.2e-5
1.19e-5
1.19e-5
1.18e-5
1.19e-5
1.19e-5
1.28e-5
1.2e-5
1.24e-5
1.2e-5
1.21e-5
1.21e-5
1.19e-5
1.19e-5
1.2e-5
1.27e-5
1.2e-5
1.2e-5
1.2e-5
1.2e-5
1.22e-5
1.19e-5
1.19e-5
1.19e-5
1.19e-5
1.2e-5
1.2e-5
1.2e-5
1.28e-5
1.65e-5
1.48e-5
1.23e-5
1.2e-5
1.22e-5
1.22e-5
1.21e-5
1.21e-5
1.2e-5
1.2e-5
1.2e-5
1.2e-5
1.21e-5
1.2e-5
1.2e-5
1.21e-5
1.24e-5
1.22e-5
1.28e-5
1.21e-5
1.2e-5
1.21e-5
1.2e-5
1.27e-5
1.2e-5
1.2e-5
1.21e-5
1.2e-5
1.2e-5
1.2e-5
1.19e-5
1.2e-5
1.21e-5
1.21e-5
1.21e-5
1.2e-5
1.2e-5
1.2e-5
2.81e-5
2.4e-5
1.39e-5
1.2e-5
1.22e-5
1.2e-5
1.2e-5
1.2e-5
1.2e-5
1.21e-5
1.2e-5
1.19e-5
1.51e-5
1.35e-5
1.35e-5
1.43e-5
1.21e-5
1.21e-5
1.29e-5
1.22e-5
1.33e-5
1.53e-5
1.54e-5
1.56e-5
1.25e-5
1.23e-5
1.22e-5
1.2e-5
1.21e-5
1.26e-5
1.22e-5
1.23e-5
1.21e-5
1.21e-5
1.21e-5
1.21e-5
1.21e-5
1.21e-5
1.21e-5
1.56e-5
1.39e-5
1.22e-5
1.21e-5
1.21e-5
1.28e-5
1.56e-5
1.6e-5
1.25e-5
1.23e-5
1.22e-5
1.22e-5
1.22e-5
1.22e-5
1.23e-5
1.22e-5
1.21e-5
1.21e-5
1.26e-5
1.22e-5
1.21e-5
1.22e-5
1.22e-5
1.21e-5
1.22e-5
1.21e-5
1.22e-5
1.21e-5
1.21e-5
1.22e-5
1.21e-5
1.21e-5
1.2e-5
1.21e-5
1.24e-5
1.22e-5
1.21e-5
2.6e-5
1.69e-5
1.21e-5
1.21e-5
1.21e-5
1.2e-5
1.2e-5
1.2e-5
1.21e-5
1.2e-5
1.19e-5
1.2e-5
1.2e-5
1.19e-5
1.44e-5
1.36e-5
1.29e-5
1.2e-5
1.19e-5
1.21e-5
1.25e-5
1.24e-5
1.2e-5
1.2e-5
1.2e-5
1.2e-5
1.19e-5
1.2e-5
1.2e-5
1.2e-5
1.2e-5
1.2e-5
1.28e-5
1.21e-5
1.2e-5
1.2e-5
1.21e-5
1.21e-5
1.2e-5
1.18e-5
1.19e-5
1.23e-5
1.49e-5
1.63e-5
1.27e-5
1.22e-5
1.21e-5
1.21e-5
1.21e-5
1.2e-5
1.2e-5
1.2e-5
1.2e-5
1.2e-5
1.2e-5
1.2e-5
1.21e-5
1.19e-5
1.2e-5
1.2e-5
1.23e-5
1.19e-5
1.2e-5
1.2e-5
1.26e-5
1.2e-5
1.2e-5
1.19e-5
1.2e-5
1.19e-5
1.2e-5
1.2e-5
1.2e-5
1.19e-5
1.2e-5
1.22e-5
1.2e-5
1.2e-5
1.2e-5
1.2e-5
2.53e-5
5.06e-5
1.9e-5
1.26e-5
1.22e-5
1.31e-5
1.22e-5
1.21e-5
2.22e-5
2.09e-5
1.48e-5
1.21e-5
1.21e-5
1.19e-5
1.2e-5
1.2e-5
1.31e-5
1.2e-5
1.19e-5
1.25e-5
1.2e-5
1.2e-5
1.2e-5
1.2e-5
1.19e-5
1.2e-5
1.2e-5
1.19e-5
1.19e-5
1.19e-5
1.2e-5
1.19e-5
1.2e-5
1.2e-5
1.21e-5
1.2e-5
1.19e-5
1.2e-5
1.21e-5
1.19e-5
1.18e-5
1.19e-5
1.2e-5
1.2e-5
1.2e-5
1.2e-5
1.19e-5
1.22e-5
1.22e-5
1.25e-5
1.23e-5
1.2e-5
1.2e-5
1.24e-5
1.21e-5
1.24e-5
1.2e-5
1.2e-5
1.24e-5
1.21e-5
1.2e-5
1.2e-5
1.2e-5
1.2e-5
1.2e-5
1.21e-5
1.2e-5
1.2e-5
1.2e-5
1.21e-5
1.21e-5
1.2e-5
1.2e-5
1.19e-5
1.2e-5
1.2e-5
3.88e-5
2.08e-5
1.41e-5
1.3e-5
1.81e-5
1.46e-5
1.25e-5
1.26e-5
1.23e-5
1.23e-5
1.23e-5
1.49e-5
1.44e-5
1.25e-5
1.23e-5
1.23e-5
1.23e-5
1.37e-5
1.23e-5
1.23e-5
1.23e-5
1.23e-5
1.26e-5
1.23e-5
1.23e-5
1.23e-5
1.22e-5
1.23e-5
1.23e-5
1.22e-5
1.22e-5
1.21e-5
1.22e-5
1.22e-5
1.22e-5
1.21e-5
1.27e-5
1.22e-5
1.31e-5
1.61e-5
1.44e-5
1.25e-5
1.23e-5
2.66e-5
2.64e-5
4.41e-5
1.59e-5
1.24e-5
1.21e-5
1.2e-5
1.21e-5
1.21e-5
1.21e-5
1.21e-5
1.2e-5
1.2e-5
1.19e-5
1.2e-5
1.19e-5
1.2e-5
1.2e-5
1.29e-5
1.21e-5
1.19e-5
1.21e-5
1.21e-5
1.21e-5
1.21e-5
1.28e-5
1.2e-5
1.21e-5
1.21e-5
1.22e-5
1.21e-5
1.2e-5
1.2e-5
1.19e-5
1.2e-5
1.2e-5
1.2e-5
1.21e-5
1.21e-5
1.21e-5
1.2e-5
1.25e-5
3.88e-5
1.75e-5
1.23e-5
1.2e-5
1.19e-5
1.21e-5
1.2e-5
1.2e-5
1.2e-5
1.2e-5
1.19e-5
1.19e-5
1.19e-5
1.2e-5
1.19e-5
1.33e-5
1.19e-5
1.43e-5
1.97e-5
2.11e-5
1.46e-5
1.21e-5
1.24e-5
1.21e-5
1.2e-5
1.37e-5
1.61e-5
1.3e-5
1.22e-5
1.22e-5
1.21e-5
1.21e-5
1.2e-5
1.21e-5
1.19e-5
1.21e-5
1.21e-5
1.22e-5
1.21e-5
1.21e-5
1.2e-5
1.21e-5
1.21e-5
1.21e-5
1.2e-5
1.21e-5
1.2e-5
1.3e-5
1.21e-5
1.21e-5
1.2e-5
1.21e-5
1.47e-5
1.37e-5
1.22e-5
1.24e-5
1.22e-5
1.21e-5
1.2e-5
1.2e-5
1.21e-5
1.21e-5
1.2e-5
1.21e-5
1.24e-5
1.2e-5
1.21e-5
1.2e-5
1.2e-5
1.2e-5
1.2e-5
1.2e-5
1.2e-5
1.2e-5
1.2e-5
1.21e-5
1.2e-5
2.53e-5
2.32e-5
2.14e-5
1.24e-5
1.22e-5
1.21e-5
1.2e-5
1.2e-5
1.2e-5
3.23e-5
1.25e-5
1.21e-5
1.22e-5
1.21e-5
1.21e-5
1.2e-5
1.21e-5
1.27e-5
1.22e-5
1.22e-5
1.21e-5
1.21e-5
1.87e-5
2.11e-5
1.73e-5
2.01e-5
2.03e-5
1.52e-5
1.53e-5
1.6e-5
1.61e-5
1.72e-5
1.72e-5
1.68e-5
1.9e-5
1.7e-5
1.74e-5
1.65e-5
1.73e-5
1.69e-5
1.74e-5
1.71e-5
1.71e-5
2.03e-5
2.1e-5
1.64e-5
1.67e-5
1.7e-5
1.65e-5
1.64e-5
1.69e-5
1.75e-5
1.71e-5
1.67e-5
1.64e-5
1.75e-5
1.82e-5
1.67e-5
1.72e-5
1.74e-5
1.74e-5
3.5e-5
2.0e-5
1.78e-5
1.69e-5
1.65e-5
1.92e-5
1.76e-5
1.69e-5
1.66e-5
1.78e-5
1.74e-5
1.67e-5
1.74e-5
1.75e-5
1.79e-5
1.73e-5
1.69e-5
1.71e-5
1.79e-5
1.7e-5
1.74e-5
1.71e-5
1.68e-5
1.69e-5
1.74e-5
1.69e-5
1.69e-5
1.75e-5
1.76e-5
1.69e-5
1.67e-5
1.76e-5
1.75e-5
1.71e-5
1.7e-5
1.8e-5
1.74e-5
1.76e-5
1.64e-5
1.73e-5
1.72e-5
1.65e-5
1.62e-5
1.73e-5
1.75e-5
1.71e-5
1.64e-5
1.69e-5
1.69e-5
1.7e-5
1.68e-5
1.71e-5
1.7e-5
1.69e-5
1.68e-5
2.1e-5
3.91e-5
2.41e-5
2.05e-5
1.24e-5
1.22e-5
1.22e-5
1.21e-5
1.23e-5
1.21e-5
1.2e-5
1.2e-5
1.21e-5
1.22e-5
1.3e-5
1.21e-5
1.2e-5
1.21e-5
1.2e-5
1.24e-5
1.22e-5
1.22e-5
1.21e-5
1.22e-5
1.21e-5
1.21e-5
1.3e-5
1.62e-5
1.33e-5
1.21e-5
1.2e-5
1.21e-5
1.21e-5
1.21e-5
1.21e-5
1.23e-5
1.21e-5
1.21e-5
1.2e-5
1.24e-5
1.2e-5
1.22e-5
1.2e-5
1.2e-5
1.2e-5
1.21e-5
1.26e-5
1.25e-5
1.21e-5
1.22e-5
1.21e-5
1.21e-5
1.2e-5
1.21e-5
1.21e-5
1.21e-5
1.22e-5
1.21e-5
1.23e-5
1.22e-5
1.21e-5
1.21e-5
1.22e-5
1.21e-5
1.2e-5
1.21e-5
1.21e-5
1.24e-5
1.21e-5
1.21e-5
1.2e-5
1.22e-5
1.21e-5
1.21e-5
1.24e-5
1.21e-5
1.21e-5
1.22e-5
1.26e-5
2.77e-5
2.24e-5
1.62e-5
1.61e-5
1.6e-5
1.59e-5
1.52e-5
1.63e-5
1.59e-5
1.6e-5
1.58e-5
1.56e-5
1.66e-5
1.6e-5
1.63e-5
1.63e-5
1.62e-5
1.63e-5
1.58e-5
1.74e-5
1.66e-5
1.63e-5
1.73e-5
1.71e-5
1.72e-5
1.69e-5
1.66e-5
1.69e-5
1.56e-5
1.69e-5
1.65e-5
1.76e-5
1.71e-5
1.65e-5
1.65e-5
1.69e-5
1.61e-5
1.7e-5
1.66e-5
1.66e-5
1.65e-5
1.6e-5
1.58e-5
1.7e-5
1.66e-5
1.61e-5
1.71e-5
1.63e-5
1.61e-5
1.6e-5
1.58e-5
1.62e-5
1.64e-5
1.59e-5
1.62e-5
1.66e-5
1.76e-5
1.63e-5
0.0002155
2.21e-5
1.75e-5
1.73e-5
1.72e-5
1.84e-5
1.66e-5
1.75e-5
1.77e-5
1.71e-5
3.48e-5
2.04e-5
1.77e-5
1.7e-5
1.69e-5
1.72e-5
1.68e-5
1.76e-5
1.79e-5
1.69e-5
1.66e-5
1.65e-5
1.69e-5
1.69e-5
1.67e-5
1.67e-5
1.68e-5
1.7e-5
1.71e-5
1.73e-5
1.73e-5
1.66e-5
1.7e-5
1.72e-5
1.68e-5
1.61e-5
1.59e-5
1.73e-5
1.52e-5
1.58e-5
1.71e-5
1.68e-5
1.7e-5
1.71e-5
1.97e-5
1.72e-5
3.17e-5
2.75e-5
1.83e-5

1.2976220000000003e-5